6,-26,-1006,45,-95,25<\n>
-3,-36,-1013,-15,-85,40<\n>
3,-39,-999,30,-70,-40<\n>
-3,-26,-1003,-45,-70,15<\n>
3,-39,-1009,25,-105,20<\n>
3,-23,-999,45,-110,45<\n>
-6,-26,-999,35,-35,-5<\n>
-6,-33,-989,75,-80,-5<\n>
-6,-23,-996,15,-80,-10<\n>
-6,-33,-999,35,-140,15<\n>
-6,-36,-986,5,-65,5<\n>
-6,-26,-999,25,-85,0<\n>
-9,-29,-993,35,-125,20<\n>
-9,-33,-993,55,-60,50<\n>
-6,-29,-999,25,-80,0<\n>
-6,-33,-989,40,-115,15<\n>
-6,-29,-993,5,-110,25<\n>
-9,-33,-993,-10,-135,15<\n>
-3,-36,-986,60,-40,-10<\n>
-9,-26,-999,20,20,-25<\n>
0,-43,-996,15,-65,40<\n>
-16,-33,-989,-5,-80,30<\n>
-6,-26,-993,50,-5,20<\n>
-13,-33,-993,55,-25,-10<\n>
-13,-26,-999,40,-50,-30<\n>
-6,-29,-983,10,-60,20<\n>
-19,-36,-986,15,-15,65<\n>
-19,-26,-996,95,-115,10<\n>
-19,-33,-989,50,-5,-15<\n>
-16,-36,-996,70,-110,50<\n>
-13,-26,-989,25,-40,-15<\n>
-9,-29,-996,60,10,35<\n>
-9,-36,-993,90,-65,0<\n>
-13,-29,-989,60,-75,25<\n>
-16,-36,-993,0,-55,10<\n>
-9,-29,-986,-30,-120,55<\n>
-16,-29,-996,25,-110,25<\n>
-16,-33,-999,25,-25,0<\n>
-16,-39,-993,60,-50,-10<\n>
-23,-39,-1003,25,-30,10<\n>
-16,-29,-996,25,-5,15<\n>
-16,-39,-996,85,-95,-30<\n>
-23,-39,-1006,20,-40,5<\n>
-16,-36,-996,85,-45,-25<\n>
-16,-39,-1006,65,-25,35<\n>
-13,-36,-999,65,-100,-15<\n>
-19,-36,-999,10,-50,40<\n>
-13,-36,-1006,0,-40,25<\n>
-19,-39,-1006,20,-20,-40<\n>
-9,-33,-1006,35,-35,-55<\n>
-19,-36,-1003,50,-25,10<\n>
-13,-33,-1009,40,-40,-25<\n>
-19,-39,-1009,20,0,50<\n>
-6,-36,-1006,50,-60,-45<\n>
-13,-39,-1019,-5,-35,65<\n>
-9,-33,-1009,10,-5,10<\n>
-16,-39,-1016,65,10,15<\n>
-13,-43,-1013,20,-65,40<\n>
-9,-39,-1006,45,-60,20<\n>
-13,-33,-1013,35,-55,10<\n>
-9,-39,-1003,55,-40,45<\n>
-19,-36,-1023,85,-80,-70<\n>
-9,-46,-1009,30,-40,50<\n>
-16,-39,-1019,25,-50,5<\n>
-16,-36,-1026,35,-100,-5<\n>
-9,-43,-1013,15,-50,30<\n>
-9,-36,-1019,0,-105,5<\n>
-16,-39,-1013,-20,-50,-5<\n>
-9,-36,-1023,45,-20,30<\n>
-9,-36,-1026,65,-35,0<\n>
-13,-43,-1013,45,-25,20<\n>
-9,-36,-1029,5,-10,0<\n>
-6,-36,-1026,75,-60,20<\n>
-9,-33,-1016,15,-25,50<\n>
-9,-36,-1033,30,-5,35<\n>
-6,-43,-1016,20,-20,35<\n>
-16,-39,-1029,45,-25,20<\n>
-9,-39,-1036,35,-55,45<\n>
-6,-29,-1029,75,-15,-45<\n>
-9,-36,-1033,60,-10,20<\n>
-6,-39,-1026,-10,-25,0<\n>
-3,-33,-1043,40,-30,30<\n>
0,-39,-1036,15,-10,-25<\n>
-3,-39,-1033,30,-20,35<\n>
-6,-36,-1039,-35,20,-15<\n>
-3,-46,-1033,-10,-65,10<\n>
-3,-29,-1046,-5,-40,5<\n>
-9,-36,-1039,60,-75,15<\n>
0,-39,-1033,-20,20,20<\n>
-3,-39,-1046,25,-110,15<\n>
0,-43,-1033,20,10,20<\n>
-6,-36,-1039,10,-20,25<\n>
-3,-43,-1036,-15,-90,-10<\n>
-6,-33,-1039,40,5,-15<\n>
3,-36,-1046,40,5,50<\n>
0,-53,-1039,-15,35,35<\n>
0,-43,-1046,95,10,40<\n>
6,-39,-1039,35,-80,25<\n>
0,-43,-1046,5,25,60<\n>
9,-36,-1049,5,15,40<\n>
9,-36,-1049,95,0,-25<\n>
6,-43,-1043,60,10,0<\n>
-3,-39,-1046,40,5,-15<\n>
3,-36,-1046,30,-25,35<\n>
0,-46,-1043,0,0,60<\n>
6,-39,-1043,90,5,35<\n>
6,-36,-1049,-10,-35,20<\n>
6,-43,-1049,15,-15,-20<\n>
9,-39,-1043,70,40,5<\n>
3,-39,-1046,60,-5,20<\n>
-3,-39,-1049,60,-15,30<\n>
19,-46,-1046,10,-50,30<\n>
6,-36,-1039,25,-25,15<\n>
13,-43,-1026,10,-40,45<\n>
9,-36,-1049,25,-30,25<\n>
13,-53,-1043,-30,-50,5<\n>
19,-36,-1033,25,-45,5<\n>
13,-39,-1043,45,-45,35<\n>
16,-43,-1026,-30,-80,40<\n>
9,-39,-1033,-10,-45,35<\n>
6,-46,-1039,-35,-35,-40<\n>
13,-39,-1029,55,-20,55<\n>
6,-39,-1033,0,-135,45<\n>
13,-43,-1029,60,-70,15<\n>
6,-36,-1033,5,-50,10<\n>
0,-43,-1033,40,-35,25<\n>
6,-43,-1023,10,-70,15<\n>
0,-36,-1036,-60,-25,85<\n>
13,-43,-1016,45,-60,-30<\n>
6,-39,-1029,55,10,30<\n>
6,-39,-1033,65,-55,-25<\n>
9,-43,-1019,60,-80,30<\n>
3,-39,-1026,-40,-35,5<\n>
9,-36,-1019,5,-10,10<\n>
13,-39,-1023,20,-60,10<\n>
9,-39,-1023,20,-50,55<\n>
13,-39,-1009,5,-20,50<\n>
0,-33,-1023,-45,-10,15<\n>
3,-36,-1016,20,-110,20<\n>
9,-39,-1019,5,-60,25<\n>
0,-36,-1019,40,-100,35<\n>
9,-43,-1013,0,-90,100<\n>
-3,-39,-1016,-5,-10,35<\n>
3,-36,-1006,55,-40,10<\n>
0,-43,-1009,30,-40,35<\n>
3,-43,-1009,-20,-50,-35<\n>
-3,-39,-1009,30,0,30<\n>
-3,-36,-1006,10,-30,-15<\n>
3,-39,-1009,-20,-25,-20<\n>
0,-43,-996,60,-25,25<\n>
3,-36,-1009,35,-40,-55<\n>
0,-46,-1006,25,-65,40<\n>
-3,-43,-1006,80,25,40<\n>
-3,-43,-1006,60,-90,15<\n>
-3,-39,-989,-20,-55,45<\n>
-3,-39,-1006,-10,50,10<\n>
3,-29,-993,-25,-90,30<\n>
-6,-33,-989,5,-90,-25<\n>
-3,-36,-996,20,-25,40<\n>
-6,-36,-986,20,-85,-15<\n>
-9,-36,-989,20,-40,65<\n>
-6,-29,-983,30,-60,5<\n>
-9,-33,-993,-5,-10,-30<\n>
-9,-36,-986,65,-10,0<\n>
-6,-33,-979,5,30,50<\n>
-13,-36,-983,5,-45,15<\n>
-6,-26,-983,30,0,-40<\n>
-3,-36,-986,70,-35,0<\n>
-6,-33,-983,-20,-40,-10<\n>
-6,-36,-986,45,-65,0<\n>
-9,-36,-989,15,-5,-40<\n>
-6,-39,-989,5,-60,-20<\n>
-6,-33,-989,-35,-40,40<\n>
-13,-36,-983,-10,-85,-10<\n>
-6,-29,-983,-5,-70,30<\n>
-13,-39,-989,25,-15,65<\n>
-9,-36,-986,-30,-30,-10<\n>
-9,-23,-983,100,-35,5<\n>
-13,-36,-973,30,-10,35<\n>
-9,-33,-976,15,-65,15<\n>
-13,-33,-979,75,-25,-5<\n>
-13,-43,-989,25,-40,-35<\n>
-6,-29,-983,35,-45,15<\n>
-6,-33,-986,15,-20,55<\n>
-6,-39,-979,-20,-25,15<\n>
-6,-33,-999,-40,-25,20<\n>
-6,-36,-986,25,-80,15<\n>
-9,-23,-986,35,-15,25<\n>
-9,-36,-989,15,-10,-35<\n>
-9,-33,-979,55,-55,0<\n>
-6,-29,-996,40,-45,5<\n>
-16,-39,-999,25,-50,-20<\n>
-6,-36,-986,-20,50,0<\n>
-13,-26,-996,75,0,-15<\n>
-6,-36,-973,55,-55,0<\n>
-13,-26,-986,20,0,0<\n>
-6,-29,-996,45,15,0<\n>
-9,-36,-983,-5,-15,45<\n>
-9,-26,-999,-45,15,45<\n>
-9,-29,-1003,50,35,35<\n>
-6,-26,-986,35,-35,5<\n>
-6,-29,-1003,35,-10,25<\n>
-6,-29,-1003,20,-5,-10<\n>
-6,-29,-1006,30,50,65<\n>
-13,-33,-1009,20,-10,75<\n>
0,-36,-1003,20,-15,10<\n>
0,-29,-1013,30,-85,20<\n>
0,-33,-1003,40,35,-5<\n>
-3,-33,-1016,-5,10,25<\n>
-6,-33,-1009,95,-20,20<\n>
3,-33,-1009,25,-5,-25<\n>
-13,-36,-1006,10,35,-20<\n>
0,-36,-1009,35,-40,-15<\n>
-6,-36,-1023,-35,0,25<\n>
0,-39,-1019,15,20,95<\n>
0,-29,-1019,45,45,40<\n>
3,-36,-1023,30,-10,-5<\n>
6,-33,-1009,65,-50,-30<\n>
0,-39,-1019,40,-60,30<\n>
6,-36,-1023,25,-25,25<\n>
13,-29,-1029,65,5,20<\n>
9,-43,-1023,-10,5,20<\n>
9,-33,-1019,-35,-15,-5<\n>
9,-36,-1029,20,-25,30<\n>
6,-39,-1033,0,-65,-40<\n>
13,-36,-1019,30,-30,55<\n>
3,-39,-1029,75,-30,-20<\n>
3,-39,-1029,65,-25,35<\n>
6,-33,-1029,30,25,0<\n>
0,-39,-1033,40,-10,50<\n>
9,-39,-1023,5,-40,20<\n>
13,-33,-1039,40,25,15<\n>
13,-39,-1033,20,-25,-10<\n>
16,-36,-1033,-15,-10,30<\n>
16,-43,-1046,40,-65,20<\n>
16,-36,-1029,45,-5,-65<\n>
16,-33,-1043,35,20,-30<\n>
16,-36,-1046,80,-10,35<\n>
13,-39,-1026,-10,-60,25<\n>
16,-46,-1049,-20,-10,-30<\n>
23,-36,-1029,0,-10,-20<\n>
13,-39,-1043,15,15,20<\n>
9,-49,-1039,0,10,-20<\n>
19,-36,-1033,25,65,-55<\n>
16,-43,-1039,0,-40,25<\n>
13,-36,-1029,-35,10,-10<\n>
16,-49,-1043,10,-25,40<\n>
6,-29,-1039,45,-15,-20<\n>
23,-43,-1039,10,-30,10<\n>
13,-39,-1039,65,-15,0<\n>
23,-46,-1029,-10,10,5<\n>
16,-43,-1049,55,-5,-10<\n>
19,-46,-1029,-15,-45,55<\n>
19,-43,-1033,55,-25,-10<\n>
16,-43,-1039,90,-50,15<\n>
16,-43,-1029,25,35,40<\n>
9,-46,-1039,-30,10,20<\n>
3,-39,-1036,65,-50,20<\n>
13,-43,-1023,80,-55,35<\n>
9,-43,-1036,45,-60,75<\n>
13,-36,-1019,25,10,25<\n>
6,-43,-1029,45,35,45<\n>
6,-46,-1026,20,-110,-40<\n>
9,-33,-1019,-5,-75,-15<\n>
6,-43,-1036,-15,-25,25<\n>
6,-46,-1013,-5,-115,35<\n>
6,-29,-1023,-45,-15,75<\n>
6,-53,-1019,-50,-35,-50<\n>
13,-39,-1023,15,-10,50<\n>
0,-39,-1023,35,-70,-5<\n>
13,-46,-1013,45,-75,75<\n>
6,-46,-1023,20,-85,-15<\n>
3,-43,-1019,30,-45,50<\n>
6,-39,-1016,20,-45,10<\n>
-3,-36,-1016,40,-70,20<\n>
3,-43,-1003,-5,-75,0<\n>
0,-33,-1013,35,-90,-10<\n>
-3,-49,-1016,25,-75,30<\n>
-3,-43,-1003,-15,-80,-20<\n>
3,-39,-1009,-5,-80,60<\n>
0,-43,-1003,25,-70,-45<\n>
0,-29,-1009,-5,-30,-10<\n>
-6,-39,-999,20,-60,45<\n>
0,-39,-1003,20,-5,0<\n>
-6,-36,-1006,40,-45,65<\n>
-3,-43,-999,-10,-50,30<\n>
-3,-36,-996,30,-30,-35<\n>
-3,-29,-1003,80,-115,40<\n>
3,-33,-989,5,-35,20<\n>
-6,-36,-999,20,-80,0<\n>
-3,-36,-999,-25,5,50<\n>
-3,-29,-1003,40,-85,15<\n>
0,-29,-999,30,-85,-15<\n>
-9,-33,-989,-10,-35,0<\n>
-6,-36,-989,60,-15,20<\n>
-9,-26,-996,55,-60,50<\n>
0,-33,-989,70,-55,15<\n>
-6,-29,-996,-10,0,35<\n>
0,-33,-989,-20,-60,45<\n>
-6,-29,-996,25,40,25<\n>
0,-29,-989,-25,10,-10<\n>
-3,-29,-996,0,-75,-20<\n>
6,-29,-1003,10,-20,50<\n>
-6,-29,-993,35,-25,75<\n>
-3,-33,-996,-45,-95,25<\n>
-6,-29,-989,50,-5,-15<\n>
0,-33,-996,40,-15,-10<\n>
-3,-36,-1006,35,-55,-30<\n>
0,-33,-993,15,-70,40<\n>
0,-36,-993,50,55,35<\n>
-3,-33,-1003,30,10,60<\n>
-6,-33,-993,50,-50,5<\n>
0,-26,-1013,55,-30,25<\n>
-6,-29,-1009,-20,-10,30<\n>
16,-33,-1006,60,25,25<\n>
-3,-33,-1016,35,-50,80<\n>
13,-33,-996,20,-70,35<\n>
0,-29,-1016,50,-55,-20<\n>
9,-39,-1013,-10,10,45<\n>
9,-36,-1019,45,15,65<\n>
16,-39,-1009,35,-10,35<\n>
6,-29,-1003,20,-35,10<\n>
9,-26,-1016,25,0,10<\n>
0,-39,-1019,40,-65,5<\n>
9,-46,-1009,50,-5,50<\n>
3,-33,-1023,30,-5,60<\n>
19,-36,-1019,140,-30,15<\n>
6,-39,-1016,45,-90,35<\n>
13,-29,-1026,55,0,20<\n>
16,-36,-1019,5,-30,30<\n>
9,-36,-1029,30,-90,20<\n>
16,-29,-1019,55,-10,0<\n>
13,-36,-1023,25,5,20<\n>
9,-39,-1019,50,70,30<\n>
19,-36,-1019,85,-5,-20<\n>
13,-39,-1026,80,-50,40<\n>
16,-36,-1033,135,-10,-10<\n>
26,-36,-1026,10,25,30<\n>
19,-29,-1029,90,15,10<\n>
29,-33,-1029,-30,-10,45<\n>
19,-39,-1036,60,25,-55<\n>
16,-36,-1039,60,0,20<\n>
26,-36,-1033,45,0,-5<\n>
19,-36,-1039,35,-15,15<\n>
29,-36,-1036,25,-35,25<\n>
19,-39,-1036,50,25,20<\n>
26,-33,-1029,5,0,-25<\n>
29,-39,-1036,-30,60,20<\n>
29,-39,-1029,40,-20,-5<\n>
36,-33,-1029,60,45,40<\n>
29,-39,-1033,50,-55,0<\n>
29,-43,-1033,20,-45,-20<\n>
33,-39,-1039,30,-35,55<\n>
26,-39,-1036,30,-75,80<\n>
33,-39,-1026,30,-50,0<\n>
26,-43,-1029,45,-100,65<\n>
36,-36,-1036,-20,-5,15<\n>
36,-43,-1036,5,0,45<\n>
33,-46,-1036,60,-45,-5<\n>
43,-39,-1023,25,35,-20<\n>
26,-33,-1039,45,-25,20<\n>
29,-43,-1029,-5,-50,25<\n>
36,-36,-1039,35,-65,20<\n>
9,-49,-1036,75,-25,85<\n>
43,-46,-1039,55,-10,35<\n>
16,-33,-1026,10,-25,35<\n>
43,-53,-1019,45,-30,-15<\n>
26,-36,-1033,30,-55,25<\n>
39,-53,-1033,10,-35,0<\n>
13,-26,-1019,80,25,20<\n>
43,-53,-1029,55,5,70<\n>
19,-33,-1026,30,-80,-15<\n>
46,-49,-1029,5,-40,-15<\n>
16,-49,-1043,-40,-100,30<\n>
39,-36,-1019,85,0,20<\n>
26,-39,-1029,45,-25,60<\n>
19,-36,-1026,100,10,10<\n>
19,-43,-1019,5,-40,-35<\n>
13,-49,-1029,10,-110,25<\n>
26,-36,-1013,55,-50,0<\n>
16,-39,-1023,70,-130,-45<\n>
36,-43,-1023,-10,-40,35<\n>
16,-49,-1019,-15,-85,15<\n>
26,-46,-1019,70,-75,10<\n>
19,-39,-1016,20,-40,-5<\n>
16,-43,-1013,40,-65,30<\n>
13,-43,-1019,-5,-95,0<\n>
23,-39,-1006,40,-55,-20<\n>
6,-43,-1009,30,-15,0<\n>
19,-43,-1013,-10,-50,-20<\n>
3,-36,-1009,-25,-60,10<\n>
9,-33,-1016,15,-70,15<\n>
13,-43,-1013,70,-65,30<\n>
3,-39,-1009,40,-50,-10<\n>
16,-43,-1013,30,-70,10<\n>
6,-43,-1016,50,-95,65<\n>
6,-39,-1006,-40,-35,-5<\n>
13,-43,-1006,50,-130,-10<\n>
0,-36,-1006,0,-70,0<\n>
9,-43,-999,15,-60,15<\n>
6,-43,-993,65,-35,60<\n>
13,-43,-996,-25,-70,5<\n>
6,-29,-1006,30,-100,-30<\n>
6,-39,-999,5,-90,20<\n>
6,-39,-993,55,-35,-105<\n>
13,-39,-999,-25,-65,-20<\n>
-3,-39,-1006,20,-60,-50<\n>
9,-36,-999,60,-45,10<\n>
-9,-39,-999,35,-50,-5<\n>
0,-39,-999,-30,-70,-20<\n>
0,-43,-996,10,-40,25<\n>
0,-39,-999,-15,-75,-30<\n>
0,-36,-996,0,-85,25<\n>
-3,-39,-1003,85,-45,-20<\n>
-6,-39,-993,-5,5,5<\n>
0,-33,-996,5,20,20<\n>
0,-36,-999,45,-90,15<\n>
0,-36,-979,30,-50,-10<\n>
0,-36,-989,20,-75,10<\n>
0,-36,-999,10,-20,20<\n>
0,-36,-983,40,-55,55<\n>
-3,-33,-983,90,-55,10<\n>
-3,-33,-999,85,10,35<\n>
0,-36,-983,50,-80,35<\n>
-6,-36,-993,-5,0,-10<\n>
6,-29,-989,5,-100,-20<\n>
-6,-33,-989,50,-45,65<\n>
0,-29,-996,10,-35,5<\n>
-3,-36,-996,-25,-60,-20<\n>
-3,-36,-986,60,-30,-5<\n>
-3,-33,-989,25,-70,10<\n>
0,-36,-996,20,-40,25<\n>
-3,-36,-989,70,-100,70<\n>
3,-33,-993,30,-25,20<\n>
0,-33,-1009,10,-60,-10<\n>
0,-36,-993,-15,-20,30<\n>
3,-33,-1006,-20,-20,35<\n>
0,-33,-993,-20,15,-20<\n>
3,-36,-996,20,-15,-15<\n>
3,-36,-1003,65,-80,-30<\n>
6,-33,-996,-15,-105,0<\n>
6,-26,-1003,-20,-70,25<\n>
-3,-36,-999,20,5,5<\n>
-3,-33,-999,-5,-25,30<\n>
-6,-23,-1006,-15,-40,-25<\n>
3,-33,-1006,-15,-25,-20<\n>
6,-33,-1003,20,-65,30<\n>
0,-33,-1006,70,5,-20<\n>
3,-33,-993,0,-60,25<\n>
6,-33,-1009,-20,-25,55<\n>
-9,-33,-1003,45,-30,-5<\n>
13,-29,-1006,40,-20,-65<\n>
-3,-33,-1016,110,-40,10<\n>
6,-36,-1006,-40,-60,40<\n>
3,-29,-1019,15,-95,70<\n>
3,-36,-1006,60,-105,10<\n>
3,-39,-1016,110,-40,45<\n>
0,-33,-1019,-5,-85,-25<\n>
9,-33,-1009,15,-55,-5<\n>
0,-29,-1026,15,5,15<\n>
3,-29,-1026,-20,-40,15<\n>
0,-33,-1019,-15,-55,25<\n>
-3,-23,-1023,60,-20,30<\n>
9,-33,-1003,55,-25,30<\n>
-3,-33,-1019,85,-55,30<\n>
9,-26,-1019,5,-120,15<\n>
3,-33,-1016,80,-45,-10<\n>
9,-29,-1029,-15,-40,-15<\n>
6,-43,-1013,-15,25,-45<\n>
16,-23,-1019,10,-80,-20<\n>
6,-36,-1029,25,45,20<\n>
9,-33,-1016,5,-35,-40<\n>
3,-33,-1026,35,-20,-25<\n>
9,-36,-1023,40,-60,35<\n>
6,-29,-1033,90,-40,40<\n>
0,-33,-1033,30,-5,20<\n>
6,-39,-1029,5,-85,35<\n>
-3,-39,-1029,65,-60,10<\n>
-3,-36,-1036,35,-15,-15<\n>
6,-33,-1023,70,-20,20<\n>
-6,-29,-1029,50,-95,25<\n>
9,-39,-1026,20,-45,15<\n>
-9,-33,-1026,-15,-30,-20<\n>
6,-36,-1029,55,-50,0<\n>
-3,-43,-1026,20,-55,-60<\n>
6,-33,-1036,50,-60,35<\n>
-3,-36,-1033,50,-50,50<\n>
3,-49,-1036,35,-65,20<\n>
6,-43,-1036,90,-70,20<\n>
0,-43,-1023,10,-60,5<\n>
0,-36,-1036,20,-75,-30<\n>
6,-39,-1036,60,-85,10<\n>
-3,-39,-1026,105,-90,45<\n>
-3,-39,-1039,75,-110,-45<\n>
-9,-36,-1019,50,-40,65<\n>
-6,-36,-1023,50,-30,-15<\n>
-6,-39,-1023,-15,-65,0<\n>
-16,-36,-1023,35,-70,15<\n>
-9,-43,-1029,70,-100,-15<\n>
-6,-29,-1026,20,-80,-20<\n>
-9,-36,-1033,70,-120,35<\n>
-3,-46,-1023,55,-25,-40<\n>
-9,-33,-1033,15,10,20<\n>
-6,-43,-1023,50,-90,-55<\n>
-9,-33,-1023,20,-55,0<\n>
-9,-39,-1013,15,-45,-35<\n>
-9,-39,-1019,20,-55,10<\n>
-9,-33,-1036,20,-45,-10<\n>
-9,-39,-1019,25,-50,5<\n>
-6,-36,-1023,30,-80,30<\n>
-16,-33,-1023,80,-65,55<\n>
-16,-39,-1013,30,-50,-30<\n>
-16,-36,-1019,85,-65,25<\n>
-13,-39,-1006,5,-5,-35<\n>
-6,-33,-1016,70,-90,60<\n>
-16,-43,-1019,135,-50,50<\n>
-13,-43,-1006,65,-70,-25<\n>
-16,-33,-1016,35,-60,-10<\n>
-13,-43,-1006,-30,-65,5<\n>
-3,-39,-1023,40,-10,40<\n>
-13,-46,-1016,15,-50,25<\n>
-6,-33,-1013,75,-75,10<\n>
-9,-36,-1013,-30,15,5<\n>
-6,-43,-999,10,-10,40<\n>
-13,-29,-1019,100,-60,45<\n>
-9,-43,-1003,50,-105,-5<\n>
-9,-33,-1006,10,-60,-10<\n>
-19,-33,-1016,20,-30,15<\n>
-16,-36,-999,85,-40,55<\n>
-13,-29,-1013,10,-5,-20<\n>
-16,-39,-1003,90,5,-10<\n>
-6,-29,-1009,35,-30,40<\n>
-13,-46,-1013,30,-50,35<\n>
-13,-39,-999,50,20,20<\n>
-3,-39,-1013,35,-70,10<\n>
-13,-46,-1003,15,-55,20<\n>
-3,-36,-1009,-5,-40,35<\n>
-9,-36,-1006,80,-35,40<\n>
-9,-33,-1006,35,-45,35<\n>
-6,-39,-1016,50,-50,55<\n>
-3,-43,-1013,-35,-60,-15<\n>
-3,-43,-1013,60,-15,95<\n>
-9,-36,-1003,50,-30,5<\n>
-6,-33,-999,60,-20,-50<\n>
-9,-36,-1006,65,-20,-20<\n>
0,-43,-1003,45,-55,5<\n>
-3,-33,-1006,50,-5,75<\n>
-6,-36,-1006,45,0,70<\n>
3,-33,-996,-50,-5,-15<\n>
3,-33,-1009,5,-30,20<\n>
-3,-43,-1013,0,-5,20<\n>
6,-33,-1003,80,-85,10<\n>
-3,-36,-1023,-30,-20,15<\n>
9,-49,-1009,40,-65,45<\n>
0,-26,-1013,5,-5,0<\n>
0,-36,-1016,10,-60,95<\n>
0,-33,-1003,-55,-55,-20<\n>
0,-39,-1023,20,-50,35<\n>
3,-39,-1013,30,5,5<\n>
0,-36,-1009,25,-45,5<\n>
0,-39,-1019,45,50,-10<\n>
9,-33,-1006,55,-20,50<\n>
0,-49,-1016,40,20,-20<\n>
6,-39,-1033,30,-10,85<\n>
-3,73,-933,160,-145,45<\n>
-6,-86,-986,-175,60,-10<\n>
39,49,-1009,30,-65,95<\n>
-19,-76,-1029,-15,10,40<\n>
16,-23,-1023,65,-60,25<\n>
0,-59,-1016,30,-20,10<\n>
13,-26,-1013,95,-15,20<\n>
3,-46,-1026,60,-30,-15<\n>
13,-46,-1019,5,-20,65<\n>
-3,-33,-1026,85,-5,10<\n>
13,-49,-1019,10,-25,10<\n>
0,-39,-1026,10,-35,30<\n>
9,-39,-1023,-30,15,-10<\n>
3,-49,-1013,30,-15,-10<\n>
3,-36,-1016,20,-15,-55<\n>
6,-36,-1023,20,-40,45<\n>
3,-43,-1026,0,-20,20<\n>
3,-39,-1016,75,0,25<\n>
6,-43,-1026,40,-60,40<\n>
0,-43,-1026,-5,-40,30<\n>
6,-29,-1029,20,10,-50<\n>
6,-46,-1029,35,-65,35<\n>
3,-33,-1019,20,-60,5<\n>
9,-39,-1026,25,25,20<\n>
0,-36,-1026,90,-35,-5<\n>
13,-39,-1019,55,-65,0<\n>
0,-43,-1033,10,-20,-10<\n>
0,-39,-1029,10,-40,-30<\n>
3,-36,-1029,-30,-65,55<\n>
-3,-39,-1023,-20,0,25<\n>
6,-39,-1023,65,-50,10<\n>
0,-43,-1033,-10,-15,30<\n>
-3,-43,-1019,-5,-40,50<\n>
6,-36,-1023,75,-50,35<\n>
0,-49,-1023,65,20,-65<\n>
0,-46,-1016,25,-20,45<\n>
0,-39,-1026,65,-70,-10<\n>
-3,-46,-1023,65,0,35<\n>
6,-39,-1023,0,-5,-5<\n>
-3,-39,-1033,-25,-65,45<\n>
3,-43,-1013,20,-85,35<\n>
0,-33,-1033,60,-25,-20<\n>
-6,-46,-1019,-15,10,50<\n>
3,-43,-1026,55,-10,30<\n>
-6,-36,-1029,0,0,30<\n>
-6,-39,-1009,15,-30,15<\n>
-6,-29,-1013,40,-65,-10<\n>
-9,-39,-1013,20,10,0<\n>
0,-39,-1009,-40,-25,30<\n>
-6,-36,-1023,40,-60,-20<\n>
-3,-43,-1016,40,-85,65<\n>
-3,-36,-1016,25,-80,-20<\n>
-9,-39,-1013,15,-45,10<\n>
-3,-46,-1009,0,-100,-50<\n>
-3,-36,-1016,-30,-35,0<\n>
-6,-36,-1003,10,-115,-5<\n>
-6,-29,-1006,20,-90,0<\n>
-6,-33,-1006,25,5,15<\n>
-9,-36,-999,-40,-95,20<\n>
-13,-33,-1006,40,-35,50<\n>
-16,-36,-999,35,-50,-30<\n>
-13,-39,-1006,40,-25,15<\n>
-16,-43,-1006,-30,-15,20<\n>
-6,-33,-996,20,-45,-5<\n>
-23,-29,-1006,0,5,25<\n>
-9,-39,-989,110,-10,15<\n>
-19,-33,-1003,-15,-60,-70<\n>
-13,-36,-993,25,-15,75<\n>
-19,-39,-989,15,-15,25<\n>
-13,-26,-999,-5,-75,-25<\n>
-19,-36,-989,15,-25,40<\n>
-13,-26,-999,-25,-5,15<\n>
-23,-29,-1003,30,-100,25<\n>
-9,-26,-986,55,5,-20<\n>
-23,-26,-996,-40,-55,45<\n>
-16,-36,-979,10,-55,-25<\n>
-16,-26,-1003,55,-55,15<\n>
-19,-33,-996,30,-50,55<\n>
-13,-29,-983,-25,10,25<\n>
-19,-19,-989,60,-50,-40<\n>
-19,-36,-983,-40,-50,-15<\n>
-13,-26,-993,20,10,25<\n>
-19,-33,-996,15,-50,40<\n>
-13,-36,-989,105,-50,-5<\n>
-23,-29,-1003,80,35,-30<\n>
-9,-26,-989,25,15,20<\n>
-29,-19,-1003,100,-55,15<\n>
-9,-36,-996,50,-40,-5<\n>
-13,-29,-996,-10,-60,40<\n>
-16,-33,-999,10,-60,-35<\n>
-16,-26,-989,5,10,15<\n>
-9,-23,-999,20,-45,20<\n>
-23,-29,-993,45,-60,5<\n>
-6,-39,-986,-15,-55,30<\n>
-23,-23,-1006,75,-60,65<\n>
-16,-39,-986,40,5,30<\n>
-19,-26,-999,0,0,-35<\n>
-13,-26,-989,70,10,20<\n>
-16,-33,-993,35,-5,-15<\n>
-16,-26,-1009,50,-55,45<\n>
-13,-29,-989,-20,-30,55<\n>
-9,-23,-1003,45,-25,5<\n>
-9,-33,-1006,40,-15,-35<\n>
-6,-26,-1003,50,5,30<\n>
-13,-26,-1009,10,-5,35<\n>
-13,-26,-996,65,-95,20<\n>
-13,-29,-1003,0,-25,10<\n>
-13,-29,-1009,35,-40,30<\n>
-13,-36,-999,45,0,30<\n>
-9,-33,-1009,25,-10,5<\n>
-9,-33,-1006,25,10,-5<\n>
-9,-33,-1009,45,15,55<\n>
-13,-26,-1016,-30,-20,20<\n>
-6,-33,-996,45,-70,10<\n>
-19,-33,-1016,35,10,5<\n>
-6,-36,-1013,5,-45,20<\n>
-9,-33,-1009,25,-25,0<\n>
-3,-39,-1023,50,-25,5<\n>
-9,-26,-1009,50,-40,40<\n>
-13,-39,-1016,75,-50,40<\n>
-9,-36,-1019,105,-25,50<\n>
-9,-29,-1019,50,-50,25<\n>
-9,-33,-1026,55,20,-5<\n>
-3,-33,-1023,65,-35,30<\n>
-9,-23,-1019,20,25,30<\n>
-6,-36,-1019,-10,-5,35<\n>
-6,-36,-1019,105,-55,30<\n>
-6,-33,-1023,80,-120,-20<\n>
-6,-29,-1016,35,-40,-35<\n>
-3,-39,-1033,60,0,40<\n>
-3,-39,-1026,55,-65,20<\n>
-3,-43,-1023,25,15,-10<\n>
-6,-33,-1033,-15,-60,5<\n>
-16,-36,-1019,50,-70,-25<\n>
-6,-43,-1029,10,-40,-15<\n>
-13,-33,-1023,25,-20,15<\n>
-6,-33,-1026,0,-15,35<\n>
-6,-36,-1023,40,-35,30<\n>
-6,-43,-1023,65,25,25<\n>
-9,-39,-1026,60,-10,0<\n>
-6,-36,-1026,-25,-20,30<\n>
-6,-46,-1016,85,-40,0<\n>
-3,-49,-1033,70,-20,-20<\n>
-6,-46,-1019,-10,-45,15<\n>
-6,-39,-1023,50,30,100<\n>
-6,-39,-1016,40,-50,-5<\n>
-9,-46,-1016,45,-30,-50<\n>
-6,-43,-1026,20,-55,30<\n>
-6,-43,-1023,80,20,20<\n>
-13,-39,-1029,75,-70,35<\n>
-9,-39,-1023,-40,0,25<\n>
-16,-39,-1013,65,-15,25<\n>
-6,-39,-1023,30,-100,25<\n>
-9,-43,-1013,55,-25,35<\n>
-6,-43,-1026,5,60,-15<\n>
-9,-39,-1019,65,-80,45<\n>
-9,-33,-1016,-35,-15,-30<\n>
-9,-36,-1023,50,-60,80<\n>
-9,-36,-1009,45,-10,40<\n>
-9,-33,-1023,10,-10,55<\n>
-13,-36,-1016,65,-45,10<\n>
-6,-33,-1019,25,-30,10<\n>
-9,-33,-1019,-10,20,-25<\n>
-9,-39,-1006,-5,-90,25<\n>
-6,-29,-1026,75,-65,-10<\n>
-9,-33,-1006,75,-75,20<\n>
-9,-36,-1016,50,10,35<\n>
-6,-29,-1013,-35,-100,20<\n>
-6,-46,-1009,-15,-65,0<\n>
-9,-29,-1019,80,-25,40<\n>
-9,-36,-1006,45,-35,30<\n>
-9,-39,-1013,5,-35,70<\n>
-13,-36,-1013,30,-45,0<\n>
-6,-43,-999,55,-45,10<\n>
-9,-39,-1013,80,-30,-25<\n>
-6,-39,-1006,30,-50,5<\n>
-9,-33,-1009,5,-35,20<\n>
-6,-36,-1009,35,-40,40<\n>
-9,-36,-996,25,15,-10<\n>
-6,-33,-1013,-65,-10,0<\n>
-6,-36,-1003,10,-55,15<\n>
-6,-29,-1009,-5,30,55<\n>
-13,-33,-1019,45,-75,25<\n>
-6,-36,-1003,45,-50,5<\n>
-9,-29,-1019,95,-10,0<\n>
-6,-39,-1009,25,-60,35<\n>
-9,-36,-1003,60,-50,-15<\n>
-3,-39,-1016,50,-35,85<\n>
-16,-39,-996,85,-20,-10<\n>
-6,-26,-1016,15,-50,-50<\n>
-6,-36,-1006,75,-40,35<\n>
-6,-33,-1003,-15,-25,-25<\n>
0,-46,-1016,-15,-20,25<\n>
-3,-43,-1009,30,-45,-15<\n>
-3,-39,-1019,40,30,5<\n>
-6,-39,-1003,20,-35,-20<\n>
-3,-43,-1013,15,20,-35<\n>
0,-33,-1023,30,-15,50<\n>
0,-36,-1003,130,-45,50<\n>
-6,-39,-1013,55,-30,-5<\n>
0,-39,-1013,-15,-20,-35<\n>
-3,-39,-1013,40,-25,35<\n>
3,-46,-1016,35,-30,5<\n>
-6,-36,-1003,35,-80,-15<\n>
0,-36,-1013,-10,-30,-20<\n>
3,-46,-1013,50,-5,50<\n>
3,-43,-1013,0,25,25<\n>
3,-33,-1023,0,-45,25<\n>
3,-43,-1013,-15,15,20<\n>
3,-39,-1019,-20,55,50<\n>
3,-39,-1023,-15,25,-15<\n>
3,-39,-1013,65,-60,-10<\n>
3,-33,-1023,90,-15,20<\n>
9,-36,-1019,-5,40,15<\n>
0,-43,-1026,40,-55,-45<\n>
-3,-43,-1019,50,-60,85<\n>
3,-39,-1016,30,45,5<\n>
3,-39,-1023,0,-70,10<\n>
3,-39,-1016,45,30,-10<\n>
3,-36,-1019,25,5,20<\n>
3,-39,-1016,-5,-20,-30<\n>
9,-39,-1019,-20,35,45<\n>
0,-46,-1019,60,-5,40<\n>
13,-33,-1013,25,30,-15<\n>
0,-39,-1019,25,-70,35<\n>
3,-36,-1019,-35,5,5<\n>
6,-39,-1019,10,15,-20<\n>
6,-43,-1029,40,-20,40<\n>
6,-46,-1016,5,-10,5<\n>
13,-33,-1019,65,-10,15<\n>
6,-39,-1026,30,-5,15<\n>
6,-39,-1013,-15,-60,50<\n>
16,-36,-1033,95,-30,65<\n>
3,-43,-1019,0,-25,-10<\n>
9,-29,-1023,10,-65,-65<\n>
6,-36,-1026,-15,-70,40<\n>
9,-46,-1009,30,-85,60<\n>
6,-29,-1026,25,5,30<\n>
6,-39,-1019,5,-10,-5<\n>
6,-43,-1013,45,-100,-20<\n>
6,-36,-1019,50,-25,5<\n>
3,-39,-1026,-25,-60,0<\n>
6,-43,-1013,20,-90,0<\n>
13,-39,-1026,35,-10,-10<\n>
9,-39,-1016,55,-60,30<\n>
6,-36,-1026,45,-60,55<\n>
9,-43,-1026,75,-25,45<\n>
9,-46,-1016,10,-40,-30<\n>
6,-36,-1023,5,0,-55<\n>
9,-39,-1016,25,-75,-10<\n>
3,-39,-1019,-20,5,20<\n>
3,-43,-1016,5,-30,-5<\n>
3,-36,-1016,50,15,20<\n>
-3,-39,-1023,20,25,0<\n>
3,-36,-1029,0,-50,30<\n>
-9,-39,-1006,-15,-50,5<\n>
3,-39,-1013,25,-25,15<\n>
-3,-36,-1019,65,-60,20<\n>
-3,-33,-1013,45,-10,-45<\n>
-3,-49,-1009,-50,-20,65<\n>
3,-33,-1009,35,-90,30<\n>
-3,-36,-1019,-25,-45,-20<\n>
0,-39,-1009,35,-10,30<\n>
-6,-39,-1019,-10,-30,-10<\n>
-3,-33,-1013,0,-45,10<\n>
-6,-39,-1006,15,-50,0<\n>
-6,-29,-999,15,-30,-45<\n>
-6,-43,-996,-20,-65,-45<\n>
-16,-36,-1006,20,5,-5<\n>
-3,-36,-1009,-5,-60,25<\n>
-13,-36,-999,60,-70,10<\n>
-3,-33,-1009,15,10,5<\n>
-13,-36,-1009,-10,-35,45<\n>
-9,-39,-993,-5,-40,-15<\n>
-3,-33,-1009,75,-40,55<\n>
-9,-33,-993,30,0,-15<\n>
-6,-33,-1006,20,-60,-15<\n>
-9,-26,-1006,-10,10,-20<\n>
-9,-36,-1003,10,-65,15<\n>
-6,-29,-1003,-5,-5,-35<\n>
-9,-29,-1003,5,-70,35<\n>
-6,-29,-999,-10,-60,15<\n>
-6,-19,-996,0,-15,85<\n>
-16,-43,-999,20,-35,0<\n>
-9,-26,-996,65,-35,55<\n>
-9,-26,-999,0,-50,-20<\n>
-9,-29,-996,35,-5,70<\n>
-6,-23,-996,25,20,35<\n>
-9,-33,-999,80,-80,55<\n>
-9,-26,-993,-5,-65,-5<\n>
-6,-36,-993,35,15,-5<\n>
-13,-19,-999,25,-60,15<\n>
-6,-36,-993,-15,-100,30<\n>
-6,-23,-1009,30,5,5<\n>
-3,-29,-1013,25,-65,25<\n>
-3,-29,-1009,-25,-45,40<\n>
-9,-19,-1006,40,-60,10<\n>
-3,-26,-996,80,-40,30<\n>
0,-26,-1006,45,10,-50<\n>
-6,-26,-1006,35,5,5<\n>
3,-36,-1003,25,-30,30<\n>
-6,-29,-1019,75,-75,20<\n>
-6,-23,-993,80,-35,-25<\n>
-13,-26,-1009,5,-20,55<\n>
-9,-33,-1006,-20,5,15<\n>
0,-36,-1009,70,-55,35<\n>
-3,-33,-1019,-25,-55,-25<\n>
0,-36,-999,70,0,-5<\n>
0,-36,-1009,65,25,5<\n>
-3,-29,-1016,45,-50,-15<\n>
-3,-39,-1003,80,-20,20<\n>
0,-33,-1019,55,-40,5<\n>
0,-33,-1016,35,-25,10<\n>
0,-33,-1013,50,-70,5<\n>
3,-33,-1023,45,-25,-15<\n>
3,-36,-1016,-10,-20,0<\n>
-3,-33,-1019,20,-30,-20<\n>
6,-29,-1026,85,0,20<\n>
0,-29,-1016,30,-30,5<\n>
9,-33,-1019,30,-65,0<\n>
6,-33,-1016,55,-35,-15<\n>
3,-33,-1016,5,-10,-35<\n>
3,-39,-1016,40,-55,-35<\n>
9,-33,-1019,70,-60,5<\n>
-3,-36,-1029,75,-60,55<\n>
9,-33,-1019,110,-45,55<\n>
-3,-36,-1026,55,-40,-10<\n>
13,-39,-1023,45,5,45<\n>
3,-36,-1033,-5,-30,15<\n>
9,-43,-1026,75,-90,15<\n>
13,-43,-1016,75,-75,30<\n>
6,-39,-1026,25,-50,-40<\n>
13,-33,-1026,-5,0,55<\n>
13,-36,-1029,75,-55,15<\n>
13,-43,-1026,85,-30,35<\n>
13,-39,-1023,45,-80,-15<\n>
6,-36,-1026,70,-65,55<\n>
9,-46,-1019,135,-70,15<\n>
16,-33,-1029,85,5,45<\n>
6,-43,-1039,35,35,25<\n>
9,-39,-1023,45,-5,35<\n>
19,-36,-1033,75,-50,0<\n>
6,-43,-1026,5,-40,-40<\n>
19,-43,-1029,65,-20,45<\n>
13,-46,-1029,45,-35,0<\n>
13,-43,-1033,25,40,20<\n>
16,-36,-1029,20,-45,0<\n>
16,-43,-1029,70,-60,40<\n>
9,-36,-1023,75,-110,-5<\n>
13,-43,-1039,65,-45,-15<\n>
9,-49,-1033,-15,-25,20<\n>
16,-43,-1039,30,-30,-10<\n>
13,-53,-1033,15,-35,10<\n>
19,-36,-1029,85,-65,5<\n>
9,-43,-1036,35,-85,-10<\n>
16,-43,-1036,30,-80,70<\n>
13,-39,-1039,50,10,5<\n>
3,-49,-1029,65,10,15<\n>
19,-46,-1019,15,-50,30<\n>
19,-39,-1039,80,-20,30<\n>
16,-43,-1029,15,-60,60<\n>
16,-43,-1026,-55,-30,25<\n>
13,-46,-1033,-15,-10,-10<\n>
16,-43,-1023,-15,-20,35<\n>
9,-43,-1036,10,-40,0<\n>
0,-46,-1019,10,-25,15<\n>
16,-36,-1013,5,-20,10<\n>
9,-43,-1033,0,-35,35<\n>
16,-56,-1009,105,-40,10<\n>
6,-46,-1033,-50,-60,30<\n>
9,-49,-1026,60,-5,-35<\n>
9,-39,-1026,5,-45,40<\n>
13,-43,-1023,-5,-5,-45<\n>
9,-43,-1009,20,-50,0<\n>
9,-33,-1019,25,-45,55<\n>
9,-46,-1019,45,-65,-5<\n>
6,-39,-1019,90,-30,30<\n>
6,-39,-1016,45,-75,20<\n>
3,-53,-1016,75,-20,45<\n>
6,-33,-1013,20,-50,10<\n>
6,-46,-1019,55,-85,45<\n>
3,-39,-1009,80,-5,-25<\n>
6,-43,-1016,15,-55,5<\n>
13,-43,-1009,-40,10,-15<\n>
6,-43,-1006,30,35,80<\n>
0,-43,-1016,25,-65,-15<\n>
0,-49,-1009,20,-40,5<\n>
3,-39,-1016,25,-70,10<\n>
0,-46,-1006,-20,-5,25<\n>
3,-46,-1006,10,-60,35<\n>
-3,-39,-1016,0,-85,35<\n>
6,-43,-1006,10,-10,-5<\n>
-3,-43,-1013,20,-80,5<\n>
3,-43,-1003,15,-10,0<\n>
0,-29,-1006,10,-10,5<\n>
0,-49,-1003,-20,-60,30<\n>
0,-39,-1006,0,-85,-20<\n>
-3,-33,-1006,-50,-25,5<\n>
3,-36,-999,-25,-15,-30<\n>
0,-46,-1006,10,-30,-30<\n>
-3,-43,-1006,-5,-60,30<\n>
0,-33,-996,-10,-25,-40<\n>
-3,-43,-986,-20,-15,25<\n>
-6,-29,-999,40,-60,5<\n>
-3,-39,-999,45,-50,-15<\n>
-6,-36,-999,45,-80,-10<\n>
0,-39,-996,45,-75,-10<\n>
-9,-36,-989,-10,-35,50<\n>
-6,-36,-993,-20,-45,0<\n>
-6,-23,-1006,40,-50,45<\n>
-13,-43,-996,-15,-45,35<\n>
0,-33,-993,65,20,0<\n>
-6,-39,-999,-10,-5,10<\n>
-9,-33,-993,10,-35,30<\n>
-6,-29,-999,40,-30,55<\n>
-9,-36,-996,45,-40,40<\n>
-19,-33,-1003,25,-60,15<\n>
-9,-29,-1003,-20,-15,60<\n>
-6,-33,-996,-20,-20,45<\n>
-6,-36,-999,5,-70,-30<\n>
-6,-29,-1003,0,-35,-10<\n>
-3,-33,-999,-5,-95,10<\n>
-16,-26,-999,20,-20,45<\n>
-13,-33,-996,-35,-20,-45<\n>
-9,-29,-996,-10,-15,-10<\n>
-13,-36,-1006,-20,-75,15<\n>
-9,-29,-996,-5,-55,5<\n>
-9,-26,-999,20,-80,40<\n>
-6,-26,-999,55,-35,10<\n>
-13,-29,-989,50,-55,0<\n>
-9,-33,-1003,20,-50,40<\n>
-16,-33,-993,60,35,-5<\n>
-3,-33,-996,10,-50,0<\n>
-16,-26,-1009,5,-80,80<\n>
-9,-33,-986,10,-15,-5<\n>
-9,-26,-1003,-15,-95,25<\n>
-13,-23,-999,35,-15,5<\n>
-6,-29,-989,70,-10,5<\n>
-16,-33,-1003,105,-40,5<\n>
-9,-19,-986,0,-85,-25<\n>
-16,-26,-1006,0,-50,25<\n>
-9,-33,-996,55,10,-5<\n>
-6,-23,-999,55,-95,-5<\n>
-9,-29,-1013,15,-30,75<\n>
-16,-26,-996,30,-60,35<\n>
-9,-19,-999,-15,-5,5<\n>
-23,-26,-1009,45,-10,15<\n>
-9,-26,-996,60,-70,-65<\n>
-9,-23,-1006,60,-65,0<\n>
-13,-33,-999,0,-95,85<\n>
-13,-29,-1006,-5,-20,-25<\n>
-6,-29,-1006,35,-70,15<\n>
-16,-29,-996,20,-55,50<\n>
-16,-26,-1023,30,-65,70<\n>
-16,-26,-999,45,-85,0<\n>
-16,-29,-1003,60,0,-20<\n>
-9,-26,-1009,5,-15,-5<\n>
-16,-33,-1009,50,-65,-15<\n>
-9,-33,-1016,70,-55,-20<\n>
-16,-36,-1009,100,-40,5<\n>
-13,-23,-1009,30,-65,-50<\n>
-6,-29,-1016,10,-40,65<\n>
-13,-29,-1016,20,-60,25<\n>
-16,-23,-1019,105,-5,45<\n>
-9,-39,-1006,-5,-70,-5<\n>
-6,-33,-1023,40,-5,-25<\n>
-16,-33,-1016,40,-70,65<\n>
-6,-26,-1013,-15,-20,45<\n>
-16,-39,-1013,60,-60,-20<\n>
-9,-29,-1009,45,-70,10<\n>
-3,-36,-1029,-20,-10,35<\n>
-9,-36,-1019,25,-30,25<\n>
-3,-29,-1019,5,-20,35<\n>
-9,-33,-1026,30,-5,50<\n>
-6,-39,-1013,50,15,-5<\n>
0,-29,-1033,10,-55,5<\n>
-3,-36,-1026,60,-85,-20<\n>
-3,-26,-1019,90,-105,10<\n>
-13,-29,-1029,-30,-40,20<\n>
-3,-33,-1023,10,-55,-25<\n>
-9,-26,-1029,55,-10,60<\n>
-9,-29,-1026,30,15,-15<\n>
-3,-29,-1029,25,-25,45<\n>
-9,-33,-1036,75,-10,10<\n>
-3,-39,-1023,70,-75,20<\n>
-9,-29,-1036,85,-35,55<\n>
-3,-33,-1039,25,-20,0<\n>
-3,-36,-1033,15,-55,40<\n>
-6,-36,-1033,55,5,70<\n>
-6,-43,-1023,25,-15,25<\n>
0,-39,-1033,0,-100,20<\n>
0,-46,-1026,55,25,40<\n>
0,-39,-1026,-20,-65,-10<\n>
-3,-43,-1036,85,-80,10<\n>
3,-43,-1026,35,-55,35<\n>
6,-43,-1046,0,-5,40<\n>
-3,-39,-1039,85,-25,-50<\n>
6,-43,-1029,70,-45,95<\n>
-3,-33,-1049,20,-30,20<\n>
0,-53,-1039,95,-5,0<\n>
-3,-39,-1043,25,-75,25<\n>
0,-43,-1036,30,-65,-10<\n>
-3,-53,-1036,25,-35,-10<\n>
3,-36,-1049,45,-40,0<\n>
0,-43,-1043,10,-25,20<\n>
0,-43,-1026,25,-20,5<\n>
-3,-39,-1046,-5,5,70<\n>
3,-43,-1043,85,-100,25<\n>
3,-49,-1039,90,-5,25<\n>
3,-46,-1043,115,-40,45<\n>
16,-49,-1033,45,-15,25<\n>
-3,-46,-1046,35,60,45<\n>
6,-49,-1026,5,-20,45<\n>
-3,-43,-1039,-30,15,65<\n>
9,-49,-1033,45,25,25<\n>
6,-43,-1033,35,20,65<\n>
9,-46,-1026,10,-40,15<\n>
3,-43,-1033,70,-5,5<\n>
9,-46,-1029,40,25,50<\n>
0,-46,-1043,60,-75,-20<\n>
6,-49,-1039,15,-60,50<\n>
6,-43,-1036,35,25,50<\n>
9,-49,-1026,-30,-60,25<\n>
6,-46,-1029,10,10,45<\n>
3,-49,-1033,20,-5,70<\n>
9,-43,-1023,15,-60,-10<\n>
9,-43,-1039,-5,-40,20<\n>
9,-46,-1029,20,-60,0<\n>
6,-39,-1026,65,15,55<\n>
13,-46,-1026,70,10,0<\n>
9,-49,-1023,45,15,10<\n>
16,-39,-1023,50,-30,-20<\n>
6,-49,-1023,-30,-25,10<\n>
19,-43,-1023,15,10,0<\n>
3,-46,-1026,40,-40,-40<\n>
16,-46,-1016,35,-5,20<\n>
3,-46,-1016,80,20,35<\n>
6,-43,-1023,-55,-10,40<\n>
6,-46,-1013,-10,-15,45<\n>
6,-43,-1019,0,20,30<\n>
6,-46,-1016,65,-30,30<\n>
13,-49,-1006,-30,-50,-10<\n>
3,-46,-1023,0,-35,-20<\n>
6,-43,-1009,55,-10,5<\n>
3,-46,-1019,45,-10,50<\n>
13,-39,-1016,-15,35,25<\n>
3,-53,-1016,-25,-5,45<\n>
13,-49,-1013,75,-55,-15<\n>
13,-43,-1013,5,15,30<\n>
3,-46,-1013,-15,-95,0<\n>
9,-46,-1006,65,-10,35<\n>
0,-43,-1003,60,-45,65<\n>
9,-39,-1016,-10,-5,10<\n>
6,-53,-999,30,0,50<\n>
3,-43,-989,55,30,25<\n>
9,-43,-1003,20,-75,80<\n>
3,-49,-1003,-30,-25,-10<\n>
0,-39,-999,-20,-20,30<\n>
3,-39,-993,-40,-45,35<\n>
-3,-39,-993,110,-60,0<\n>
0,-36,-1006,-15,-40,-25<\n>
3,-43,-996,-15,-95,0<\n>
-6,-39,-996,-45,-15,0<\n>
3,-36,-989,-30,25,35<\n>
-3,-33,-1003,60,30,-15<\n>
-9,-33,-986,10,-65,-40<\n>
0,-39,-996,15,-10,-5<\n>
0,-39,-1003,-5,-55,-50<\n>
0,-33,-993,-20,-25,0<\n>
-3,-33,-1003,45,-30,10<\n>
-3,-36,-989,70,-20,65<\n>
-9,-36,-986,20,35,-35<\n>
3,-39,-996,-5,-25,15<\n>
-13,-29,-983,-20,-90,60<\n>
-3,-36,-993,-20,-5,-15<\n>
-3,-33,-999,125,-15,15<\n>
-3,-33,-983,50,-35,-5<\n>
-9,-26,-986,35,-35,20<\n>
-6,-36,-983,25,-95,-15<\n>
-6,-36,-983,0,10,10<\n>
-3,-29,-993,10,-45,-10<\n>
-9,-33,-976,30,-60,35<\n>
0,-29,-993,5,-75,-25<\n>
-13,-29,-996,-35,-80,15<\n>
-3,-36,-996,15,-40,30<\n>
-13,-26,-986,-25,-20,10<\n>
-6,-33,-973,10,-100,-40<\n>
-9,-26,-986,65,-25,25<\n>
-16,-26,-986,-15,10,-50<\n>
-16,-23,-983,-30,-35,20<\n>
-16,-29,-993,5,-25,-5<\n>
-13,-29,-976,0,40,20<\n>
-9,-23,-986,15,-35,35<\n>
-13,-29,-986,-15,-5,-45<\n>
-16,-29,-983,-25,-55,-5<\n>
-13,-29,-989,-5,-35,30<\n>
-6,-26,-976,35,-45,25<\n>
-9,-23,-986,70,-75,25<\n>
-6,-26,-983,75,-50,-25<\n>
-13,-26,-979,55,-40,-5<\n>
-6,-26,-999,-75,-65,25<\n>
-9,-23,-989,30,-10,20<\n>
-9,-26,-993,40,-85,50<\n>
-16,-33,-999,15,5,60<\n>
-9,-29,-986,50,-5,-45<\n>
-23,-29,-1003,85,-75,25<\n>
-9,-29,-1003,25,-50,-15<\n>
-19,-29,-996,-20,-85,-50<\n>
-13,-26,-996,35,-60,20<\n>
-13,-36,-993,-20,-75,15<\n>
-19,-29,-1009,30,-90,0<\n>
-19,-33,-999,75,20,-55<\n>
-19,-23,-1003,85,-15,-70<\n>
-19,-26,-1006,-20,-40,30<\n>
-6,-33,-1003,75,-90,15<\n>
-16,-23,-1016,50,55,-5<\n>
-9,-33,-1003,5,60,25<\n>
-6,-23,-1009,105,-30,10<\n>
-13,-26,-1016,10,-5,5<\n>
-6,-36,-1003,120,20,25<\n>
-19,-19,-1023,50,-55,-45<\n>
-9,-33,-1009,15,-40,50<\n>
-13,-23,-1019,80,-55,10<\n>
-9,-33,-1013,50,-30,20<\n>
-16,-39,-1006,10,35,55<\n>
-19,-23,-1023,45,0,75<\n>
-9,-29,-1006,35,-30,90<\n>
-9,-29,-1016,55,0,-60<\n>
-3,-39,-1023,70,-60,30<\n>
-6,-36,-1016,65,-70,-20<\n>
-3,-23,-1029,40,5,10<\n>
-6,-43,-1013,50,-60,20<\n>
-9,-29,-1023,-25,20,-50<\n>
-3,-36,-1029,60,-10,35<\n>
3,-39,-1023,40,-10,-20<\n>
0,-26,-1033,25,-10,35<\n>
0,-43,-1026,70,-30,10<\n>
3,-36,-1029,40,-20,35<\n>
-3,-39,-1039,100,-35,0<\n>
0,-39,-1029,20,-15,45<\n>
-3,-33,-1026,75,-25,-15<\n>
9,-33,-1036,85,-5,30<\n>
-3,-43,-1029,30,-60,-40<\n>
6,-33,-1036,20,0,70<\n>
-3,-39,-1029,60,-20,30<\n>
3,-23,-1039,30,50,0<\n>
3,-36,-1039,20,0,20<\n>
6,-39,-1036,15,15,-5<\n>
6,-33,-1029,5,0,55<\n>
16,-39,-1033,85,5,25<\n>
13,-39,-1039,60,10,-35<\n>
9,-36,-1043,10,15,5<\n>
16,-33,-1039,-10,-30,-15<\n>
9,-39,-1049,100,-10,-5<\n>
16,-39,-1036,20,10,30<\n>
9,-36,-1036,65,-50,25<\n>
16,-39,-1033,0,10,20<\n>
9,-33,-1043,80,-70,-50<\n>
13,-53,-1039,70,15,-5<\n>
6,-39,-1036,50,25,-5<\n>
19,-33,-1053,10,35,30<\n>
3,-43,-1039,20,-15,20<\n>
19,-29,-1036,45,-25,50<\n>
13,-53,-1046,-30,-25,-55<\n>
23,-36,-1043,70,-20,50<\n>
16,-33,-1033,65,-10,30<\n>
19,-43,-1039,35,50,-10<\n>
13,-36,-1049,50,-15,35<\n>
19,-53,-1049,25,5,25<\n>
23,-46,-1036,20,0,-10<\n>
23,-39,-1039,10,-25,55<\n>
16,-43,-1043,-15,0,15<\n>
23,-39,-1043,65,20,0<\n>
23,-46,-1043,55,5,15<\n>
19,-46,-1036,70,0,0<\n>
29,-39,-1029,45,-30,-30<\n>
23,-53,-1059,50,45,35<\n>
23,-46,-1036,85,-60,30<\n>
16,-43,-1033,-5,35,45<\n>
23,-49,-1036,65,-50,5<\n>
23,-43,-1029,10,-5,10<\n>
23,-53,-1049,5,-25,85<\n>
26,-46,-1019,35,-85,25<\n>
19,-39,-1043,50,5,5<\n>
26,-46,-1036,120,0,5<\n>
33,-46,-1026,45,-10,45<\n>
26,-53,-1033,15,-25,35<\n>
13,-33,-1039,45,-5,45<\n>
26,-59,-1056,0,-95,-15<\n>
-3,-49,-1043,35,-35,-35<\n>
29,-36,-1016,50,-15,0<\n>
16,-39,-1026,-15,-35,40<\n>
19,-63,-1026,5,-15,80<\n>
13,-49,-1026,50,-30,5<\n>
26,-46,-1026,40,-85,5<\n>
9,-49,-1016,-25,-10,-40<\n>
16,-49,-1029,35,-60,50<\n>
16,-49,-1023,70,-10,10<\n>
19,-43,-1013,-5,-25,-35<\n>
13,-49,-1063,85,-35,-20<\n>
19,-49,-1033,5,-10,35<\n>
16,-46,-1016,5,-5,-5<\n>
29,-49,-1006,-40,-10,-15<\n>
13,-43,-1013,-30,-25,-50<\n>
26,-46,-1016,-5,-5,20<\n>
16,-36,-1009,0,-30,40<\n>
16,-39,-1023,-25,5,5<\n>
13,-46,-1009,60,-55,55<\n>
13,-36,-1003,-10,-70,5<\n>
16,-39,-1009,50,-80,45<\n>
9,-39,-993,25,-35,5<\n>
9,-39,-1003,-10,15,35<\n>
9,-46,-1006,15,-25,-60<\n>
9,-43,-989,-10,-20,25<\n>
6,-26,-1016,-40,-5,30<\n>
26,-43,-1003,45,-50,50<\n>
13,-19,-1006,-30,-65,-50<\n>
9,-53,-1006,20,40,5<\n>
19,-33,-999,35,0,30<\n>
3,-39,-1006,-10,-85,15<\n>
19,-36,-993,5,-70,25<\n>
6,-36,-1003,-15,5,-30<\n>
9,-43,-993,0,-55,-5<\n>
9,-39,-996,55,-65,10<\n>
6,-33,-999,-5,-65,40<\n>
0,-36,-989,-20,-100,30<\n>
13,-43,-963,5,-45,-20<\n>
9,-26,-993,10,-30,-25<\n>
13,-33,-993,35,-60,-65<\n>
0,-49,-1003,-45,25,-30<\n>
6,-39,-986,0,-55,5<\n>
6,-33,-986,15,5,50<\n>
6,-39,-996,-10,-65,5<\n>
13,-33,-979,-15,-50,5<\n>
9,-36,-999,25,-50,10<\n>
3,-33,-996,55,-115,20<\n>
6,-43,-989,-35,-50,50<\n>
9,-29,-993,15,-50,0<\n>
3,-26,-989,-20,40,55<\n>
6,-36,-986,55,-10,5<\n>
-3,-39,-969,55,-60,-25<\n>
3,-39,-976,40,-90,40<\n>
3,-39,-996,45,55,15<\n>
3,-39,-993,-10,-40,10<\n>
0,-39,-989,-35,-70,15<\n>
9,-33,-999,20,-50,-75<\n>
6,-36,-996,55,-15,-10<\n>
6,-33,-999,0,-40,-5<\n>
3,-26,-999,5,-45,-60<\n>
6,-39,-989,20,-95,-55<\n>
13,-39,-996,-15,-50,-35<\n>
16,-29,-996,-10,-45,40<\n>
6,-36,-999,60,-5,-30<\n>
9,-33,-999,40,-30,-40<\n>
6,-29,-996,20,-35,0<\n>
3,-36,-999,70,-50,10<\n>
9,-26,-999,45,-75,-10<\n>
9,-36,-1003,20,-30,0<\n>
3,-36,-1009,30,-40,15<\n>
13,-29,-999,-25,-50,-15<\n>
3,-36,-1016,25,-25,50<\n>
9,-33,-1009,45,-20,-10<\n>
6,-29,-1013,15,-60,10<\n>
9,-36,-1013,5,-105,-15<\n>
9,-23,-1016,20,-30,40<\n>
13,-36,-1023,-5,-70,25<\n>
3,-49,-1016,25,-30,10<\n>
6,-19,-1019,-30,0,-35<\n>
0,-43,-1016,35,-45,70<\n>
13,-29,-1006,5,-25,30<\n>
9,-29,-1023,-15,-70,10<\n>
6,-33,-1023,-15,-20,0<\n>
9,-33,-1016,10,-60,-15<\n>
3,-26,-1026,-45,-30,20<\n>
6,-43,-1013,5,-35,-15<\n>
16,-26,-1026,5,0,-15<\n>
6,-29,-1026,15,-5,15<\n>
9,-39,-1016,75,-20,45<\n>
16,-26,-1029,20,-75,10<\n>
16,-36,-1026,10,-80,30<\n>
13,-26,-1023,30,10,-10<\n>
13,-29,-1029,50,-50,15<\n>
13,-36,-1016,15,-35,-5<\n>
3,-33,-1033,0,-20,30<\n>
16,-36,-1019,30,-75,5<\n>
3,-23,-1029,40,-55,5<\n>
16,-33,-1019,60,-50,85<\n>
3,-36,-1029,10,-15,5<\n>
9,-36,-1033,-25,-85,50<\n>
13,-29,-1016,-5,-65,-25<\n>
13,-36,-1019,50,-40,20<\n>
6,-36,-1029,-20,-15,25<\n>
9,-29,-1023,55,-65,20<\n>
6,-33,-1033,-15,-85,10<\n>
9,-33,-1026,-15,-130,45<\n>
3,-29,-1029,-35,-75,-10<\n>
9,-29,-1029,15,-125,5<\n>
6,-29,-1026,25,-90,-15<\n>
13,-33,-1029,30,-35,20<\n>
9,-36,-1026,-10,-50,-5<\n>
9,-26,-1026,80,-85,-35<\n>
6,-29,-1039,20,-10,-25<\n>
13,-29,-1026,20,-20,40<\n>
6,-29,-1033,60,-65,15<\n>
13,-43,-1029,15,-70,-35<\n>
3,-33,-1026,25,-40,25<\n>
9,-46,-1026,70,-35,45<\n>
3,-29,-1026,70,-20,25<\n>
6,-43,-1029,10,-5,-5<\n>
9,-36,-1029,25,5,10<\n>
16,-39,-1026,-10,-45,20<\n>
19,-29,-1036,60,-50,75<\n>
9,-39,-1033,60,-20,45<\n>
16,-33,-1029,5,-35,55<\n>
6,-39,-1029,65,-20,100<\n>
19,-39,-1019,35,-115,80<\n>
9,-33,-1036,-35,0,35<\n>
19,-36,-1033,35,-115,95<\n>
3,-36,-1026,5,25,35<\n>
16,-36,-1026,0,-15,35<\n>
9,-43,-1023,0,-20,30<\n>
13,-36,-1023,85,20,-20<\n>
13,-36,-1023,100,-25,-30<\n>
13,-36,-1029,5,-65,-5<\n>
13,-39,-1026,55,-65,-20<\n>
19,-39,-1023,15,-20,60<\n>
9,-39,-1019,65,-65,0<\n>
3,-23,-1033,-10,-40,-25<\n>
16,-53,-1023,5,-50,35<\n>
3,-29,-1033,60,-60,20<\n>
19,-46,-1019,-35,-75,60<\n>
9,-43,-1026,15,-110,10<\n>
19,-36,-1016,15,-105,10<\n>
9,-43,-1023,5,-25,5<\n>
13,-46,-1026,60,-55,15<\n>
13,-36,-1013,125,-20,40<\n>
23,-36,-1023,55,10,55<\n>
19,-39,-1016,50,-65,60<\n>
19,-39,-1023,-5,10,-20<\n>
19,-46,-1019,50,-45,20<\n>
16,-43,-1023,25,-60,30<\n>
13,-39,-1016,40,-15,20<\n>
16,-39,-1016,5,-50,-25<\n>
9,-43,-1016,60,-45,20<\n>
23,-39,-1023,-45,-10,-5<\n>
13,-46,-1019,125,-85,25<\n>
16,-36,-1023,75,-35,50<\n>
19,-43,-1023,70,-50,-5<\n>
9,-43,-1016,35,45,50<\n>
16,-39,-1029,0,-45,45<\n>
13,-39,-1016,-15,-25,10<\n>
9,-43,-1026,25,0,-10<\n>
19,-36,-1016,-20,-35,-15<\n>
9,-49,-1023,15,-5,90<\n>
16,-36,-1019,-5,25,80<\n>
13,-39,-1013,60,-5,-10<\n>
6,-46,-1016,65,15,10<\n>
26,-29,-1013,10,-35,60<\n>
6,-39,-1016,100,-40,5<\n>
9,-43,-1009,35,-40,-15<\n>
6,-43,-1019,20,-30,70<\n>
9,-39,-1016,-10,-60,-35<\n>
9,-43,-1016,60,-65,35<\n>
0,-39,-1009,25,-90,10<\n>
19,-43,-1006,60,25,30<\n>
6,-43,-1009,95,-20,75<\n>
19,-43,-1009,50,-35,-40<\n>
3,-39,-1016,30,-110,60<\n>
16,-43,-1016,60,-15,15<\n>
6,-46,-1013,30,-80,25<\n>
19,-49,-1019,5,-85,0<\n>
3,-33,-1016,65,-95,75<\n>
13,-53,-1006,25,-45,35<\n>
13,-43,-1016,30,-40,10<\n>
13,-43,-1013,20,-10,20<\n>
13,-49,-1019,-5,-70,15<\n>
9,-43,-1016,10,5,-35<\n>
9,-43,-1013,-15,-45,5<\n>
13,-46,-1016,30,-20,15<\n>
3,-39,-1013,70,-40,25<\n>
6,-39,-1009,35,-30,0<\n>
3,-39,-1026,20,-35,30<\n>
16,-49,-1009,-10,-55,20<\n>
0,-49,-1006,-10,-105,-5<\n>
13,-36,-1003,30,-75,-15<\n>
6,-46,-1009,35,-30,15<\n>
3,-49,-1016,10,-45,20<\n>
9,-36,-1016,-75,-80,55<\n>
6,-43,-1009,15,-55,45<\n>
3,-46,-1016,95,-55,-25<\n>
13,-39,-1003,-55,-60,20<\n>
16,-46,-1023,15,-125,-20<\n>
3,-43,-1006,-5,-25,45<\n>
9,-39,-1003,15,-65,50<\n>
0,-39,-1009,-15,-60,0<\n>
9,-39,-1003,30,-70,-50<\n>
0,-39,-1006,-35,-140,-35<\n>
0,-33,-1016,60,-100,10<\n>
0,-29,-1009,-20,-70,45<\n>
0,-43,-999,-30,-75,-10<\n>
3,-43,-999,10,-50,35<\n>
3,-26,-1019,40,-130,-15<\n>
0,-39,-1003,-10,-40,45<\n>
-3,-36,-1009,-15,-90,-30<\n>
0,-39,-1003,-25,-95,25<\n>
3,-39,-999,-5,-65,5<\n>
9,-23,-1013,10,-90,55<\n>
-3,-43,-1006,-35,-75,-55<\n>
9,-36,-999,-5,15,-30<\n>
-9,-33,-1006,35,-105,-20<\n>
3,-29,-996,-20,-15,55<\n>
-3,-33,-1009,80,-65,50<\n>
-3,-36,-1009,35,-60,-35<\n>
-6,-36,-999,20,-50,-55<\n>
-3,-39,-1003,10,-15,5<\n>
-6,-29,-993,20,-90,0<\n>
0,-33,-1006,10,-70,85<\n>
-9,-33,-1003,15,-50,5<\n>
-3,-33,-996,5,-105,55<\n>
-6,-26,-1003,45,-135,-25<\n>
-6,-29,-993,45,-95,-15<\n>
-3,-29,-1003,-15,-80,-25<\n>
-13,-36,-1003,10,-50,-20<\n>
-3,-29,-1003,55,-15,25<\n>
-13,-33,-999,25,-70,-10<\n>
-3,-23,-996,45,-50,15<\n>
-16,-43,-1029,35,-60,15<\n>
-16,-26,-1003,55,-65,-65<\n>
-9,-19,-999,-20,-105,60<\n>
-9,-43,-999,-65,-45,20<\n>
-3,-23,-1003,15,-10,5<\n>
-13,-29,-1013,-75,-45,0<\n>
-6,-29,-1009,10,-80,-10<\n>
-3,-26,-1006,105,-90,50<\n>
-16,-33,-1009,-15,0,0<\n>
-3,-33,-999,15,-35,80<\n>
-9,-26,-1009,15,-150,20<\n>
-3,-39,-1009,25,-35,15<\n>
-9,-33,-1003,15,-30,-10<\n>
-6,-33,-1009,-25,-70,15<\n>
-6,-26,-1006,20,-60,15<\n>
-9,-29,-1013,35,-45,5<\n>
-16,-26,-1006,-20,-30,-10<\n>
-9,-29,-1009,35,-80,30<\n>
-9,-29,-1006,35,-60,30<\n>
-3,-29,-1013,30,-100,80<\n>
-23,-33,-1009,50,-40,35<\n>
-13,-26,-1009,5,-30,5<\n>
-9,-26,-1006,65,10,35<\n>
-9,-29,-1009,45,-5,-10<\n>
-6,-23,-1013,40,-45,30<\n>
-16,-36,-1016,35,-35,20<\n>
-13,-29,-1009,35,-20,15<\n>
-9,-26,-1009,25,-50,50<\n>
-13,-36,-1016,100,-45,-25<\n>
-16,-26,-1016,70,-50,30<\n>
-9,-39,-1013,5,-5,-10<\n>
-13,-26,-1009,10,-60,-5<\n>
-9,-26,-1023,25,15,65<\n>
-9,-26,-1016,40,-20,70<\n>
-6,-33,-1026,75,-75,40<\n>
-6,-33,-1026,20,-40,65<\n>
-3,-29,-1019,-5,-5,-10<\n>
-6,-33,-1026,40,-30,0<\n>
-9,-26,-1023,70,30,30<\n>
-9,-36,-1043,70,-35,40<\n>
-6,-26,-1026,100,-5,10<\n>
-3,-29,-1029,5,-30,65<\n>
-3,-33,-1026,100,-45,30<\n>
-9,-26,-1029,30,15,40<\n>
0,-36,-1029,10,15,60<\n>
-6,-39,-1036,45,-50,25<\n>
0,-33,-1026,15,-85,-35<\n>
-3,-39,-1039,15,0,40<\n>
0,-36,-1033,80,-55,15<\n>
0,-39,-1036,55,-30,85<\n>
-3,-33,-1046,80,15,85<\n>
-3,-39,-1036,55,-40,40<\n>
6,-36,-1036,60,-25,55<\n>
0,-33,-1039,-20,-45,-40<\n>
9,-46,-1033,30,-45,40<\n>
-3,-43,-1046,70,-100,10<\n>
9,-29,-1039,25,-45,70<\n>
3,-43,-1049,-25,-5,70<\n>
3,-36,-1039,20,-45,35<\n>
3,-36,-1026,0,-30,40<\n>
0,-39,-1039,25,-30,0<\n>
3,-36,-1043,70,-35,10<\n>
3,-53,-1023,105,-45,30<\n>
9,-29,-1039,70,5,45<\n>
6,-39,-1026,65,5,-35<\n>
3,-36,-1036,35,-65,0<\n>
3,-33,-1036,5,-30,0<\n>
0,-46,-1029,15,-35,25<\n>
3,-43,-1039,15,-75,25<\n>
6,-46,-1043,45,0,40<\n>
6,-39,-1033,-40,-65,0<\n>
-3,-43,-1039,0,-40,-30<\n>
9,-43,-1033,20,-25,25<\n>
-3,-36,-1029,35,-95,20<\n>
9,-43,-1033,40,-35,60<\n>
0,-43,-1029,5,-15,65<\n>
3,-39,-1029,75,-50,70<\n>
6,-43,-1023,90,-40,10<\n>
3,-46,-1023,-15,-100,35<\n>
-3,-39,-1033,15,-20,5<\n>
6,-49,-1026,-10,-40,-20<\n>
-6,-46,-1029,145,-50,25<\n>
6,-43,-1026,15,-5,10<\n>
-3,-46,-1019,85,-65,35<\n>
3,-46,-1009,60,-50,25<\n>
-3,-39,-1026,65,-35,45<\n>
-3,-46,-1019,40,-60,15<\n>
3,-49,-1019,90,-35,0<\n>
0,-49,-1016,40,-60,15<\n>
3,-39,-1016,0,-30,-50<\n>
0,-43,-1019,-20,-120,55<\n>
-3,-49,-1016,65,10,15<\n>
3,-56,-1009,5,-20,40<\n>
3,-39,-1016,0,-60,5<\n>
0,-49,-1016,50,-80,-30<\n>
-3,-43,-1016,60,-115,-15<\n>
-3,-46,-1023,55,-65,60<\n>
0,-39,-1009,-5,-15,70<\n>
-6,-49,-1009,60,-50,-40<\n>
-3,-39,-1009,-40,-15,35<\n>
-3,-46,-1009,30,25,50<\n>
-13,-49,-1013,25,-55,35<\n>
-6,-46,-999,-50,-40,15<\n>
-3,-46,-1006,65,-70,30<\n>
-6,-39,-1003,45,-35,40<\n>
-3,-46,-1006,35,0,-10<\n>
-3,-46,-1019,-5,0,40<\n>
0,-49,-996,30,-45,35<\n>
-9,-46,-996,15,-45,80<\n>
-13,-43,-996,70,-30,0<\n>
-3,-43,-989,35,-95,20<\n>
-13,-39,-999,20,10,70<\n>
-9,-46,-993,10,-25,10<\n>
-3,-43,-996,5,-45,15<\n>
-19,-39,-996,70,-25,-5<\n>
-13,-49,-976,50,-55,-5<\n>
-3,-43,-999,15,0,15<\n>
0,-43,-999,-30,-25,-15<\n>
-13,-43,-993,65,-100,5<\n>
-13,-39,-993,30,25,40<\n>
-13,-36,-993,45,-40,15<\n>
-3,-43,-996,35,-100,25<\n>
-6,-39,-993,30,-35,45<\n>
-9,-39,-979,-15,-35,-80<\n>
-13,-46,-993,-10,-30,-15<\n>
-9,-39,-996,25,-85,0<\n>
-6,-36,-989,55,15,-10<\n>
-6,-39,-989,-50,-55,70<\n>
-13,-39,-983,5,-70,0<\n>
-3,-46,-989,15,0,90<\n>
-9,-43,-983,15,-50,-25<\n>
-6,-39,-986,40,0,-15<\n>
-3,-39,-1009,25,-5,0<\n>
0,-39,-989,25,-15,-5<\n>
-19,-36,-996,55,-25,15<\n>
0,-43,-999,50,30,-50<\n>
-6,-36,-989,-15,-10,15<\n>
-3,-39,-996,45,-40,15<\n>
-3,-33,-996,10,-30,20<\n>
-13,-36,-996,-45,-70,-15<\n>
-13,-29,-996,15,0,30<\n>
-6,-26,-989,-15,30,40<\n>
-13,-36,-996,-5,30,60<\n>
-9,-29,-993,30,-5,-5<\n>
-13,-33,-999,-10,-70,-15<\n>
-16,-29,-996,70,15,5<\n>
-13,-36,-996,45,10,5<\n>
-13,-43,-1006,30,-5,65<\n>
-13,-26,-996,70,-35,25<\n>
-9,-26,-1009,-65,-15,10<\n>
-13,-29,-993,35,25,-40<\n>
-9,-36,-989,0,-15,10<\n>
-16,-36,-1006,-10,-55,85<\n>
-13,-26,-999,30,5,-20<\n>
-16,-26,-996,35,-65,-5<\n>
-13,-23,-986,25,-45,-40<\n>
-16,-29,-1006,55,55,-25<\n>
-3,-39,-1013,0,-45,-10<\n>
-9,-26,-999,15,35,30<\n>
-9,-43,-1006,40,-45,25<\n>
-9,0,-1006,30,-10,45<\n>
-6,-36,-1016,10,40,-10<\n>
-3,-29,-1013,5,-5,20<\n>
0,-36,-1009,25,30,10<\n>
3,-29,-1026,115,50,-15<\n>
-3,-26,-1019,-70,-25,-15<\n>
3,-29,-1019,-10,65,35<\n>
0,-29,-1029,5,-45,-20<\n>
-3,-33,-1023,30,15,50<\n>
0,-29,-1016,40,-20,-20<\n>
3,-43,-1043,20,-10,10<\n>
0,-36,-1009,5,-20,20<\n>
3,-16,-1023,-20,25,55<\n>
-3,-33,-1019,40,55,-45<\n>
-3,-26,-1019,50,-50,-15<\n>
-3,-26,-1036,0,40,-5<\n>
0,-36,-1019,70,-30,-5<\n>
3,-19,-1026,40,-50,5<\n>
0,-29,-1026,35,-25,30<\n>
3,-36,-1029,10,-30,20<\n>
-6,-29,-1036,45,-25,40<\n>
6,-39,-1029,80,-10,45<\n>
3,-26,-1029,30,-25,-10<\n>
3,-36,-1036,35,-30,0<\n>
6,-33,-1019,15,-25,55<\n>
0,-29,-1033,45,-65,50<\n>
6,-29,-1029,55,-75,20<\n>
3,-26,-1033,45,-45,45<\n>
6,-26,-1033,20,45,-30<\n>
3,-26,-1029,20,-55,50<\n>
3,-29,-1036,20,35,20<\n>
-6,-23,-1029,5,-40,25<\n>
3,-39,-1026,15,-30,25<\n>
-3,-29,-1039,5,-35,-10<\n>
23,-26,-1016,45,-30,20<\n>
6,-33,-1029,20,-45,25<\n>
3,-39,-1033,-20,-10,5<\n>
-3,-36,-1046,-30,-60,-15<\n>
6,-23,-1043,-5,-50,-20<\n>
9,-33,-1026,25,10,30<\n>
16,-39,-1029,115,-45,-30<\n>
6,-36,-1039,30,-5,25<\n>
3,-29,-1033,-25,-25,45<\n>
9,-39,-1039,40,-110,25<\n>
6,-33,-1029,50,-10,30<\n>
6,-29,-1016,70,-25,30<\n>
6,-29,-1039,65,10,25<\n>
-3,-36,-1043,0,-10,0<\n>
-3,-53,-1026,60,-15,-15<\n>
13,-33,-1029,70,-15,25<\n>
0,-39,-1023,60,-30,50<\n>
0,-36,-1036,35,-45,55<\n>
3,-36,-1039,35,10,5<\n>
-6,-46,-1029,80,-80,-25<\n>
3,-29,-1023,55,-45,-40<\n>
6,-43,-1029,40,5,45<\n>
3,-39,-1013,35,-40,55<\n>
3,-33,-1023,-5,5,50<\n>
6,-39,-1026,90,-55,15<\n>
0,-43,-1026,50,-40,10<\n>
6,-39,-1036,75,-75,10<\n>
-3,-36,-1029,75,-60,-35<\n>
3,-36,-1016,-5,-25,15<\n>
3,-39,-1033,20,-15,-15<\n>
0,-46,-1023,45,-15,20<\n>
3,-36,-1029,20,-75,35<\n>
-3,-49,-1026,90,5,55<\n>
0,-43,-1006,85,-5,0<\n>
3,-39,-1016,75,-35,35<\n>
6,-43,-1023,85,10,45<\n>
0,-49,-1019,55,-30,0<\n>
-6,-39,-1026,10,-15,15<\n>
6,-43,-1023,5,-55,45<\n>
-3,-36,-1019,-25,-90,10<\n>
16,-49,-1023,-15,-5,30<\n>
-3,-46,-1016,-5,-80,90<\n>
6,-39,-1019,-25,-60,60<\n>
0,-39,-1019,65,-25,15<\n>
3,-43,-1009,70,-65,30<\n>
0,-43,-1019,30,0,-55<\n>
6,-43,-1009,-25,-55,50<\n>
0,-46,-1023,-20,0,-60<\n>
6,-53,-1019,75,-35,-5<\n>
-6,-46,-1009,45,-25,5<\n>
-3,-36,-1019,25,-15,45<\n>
6,-53,-1013,25,-5,20<\n>
-3,-49,-1006,60,-20,55<\n>
13,-39,-1016,20,-15,35<\n>
-6,-43,-1009,-30,25,20<\n>
3,-39,-1013,20,-15,15<\n>
3,-39,-1013,60,-80,20<\n>
3,-43,-1016,35,-55,25<\n>
6,-46,-1019,85,-45,50<\n>
3,-43,-1016,65,-25,40<\n>
3,-43,-1013,45,-65,5<\n>
3,-39,-1009,105,40,20<\n>
13,-46,-1009,45,10,25<\n>
3,-43,-1016,45,-10,-20<\n>
3,-39,-1006,45,30,25<\n>
0,-46,-1006,60,-25,25<\n>
6,-39,-1003,25,-10,5<\n>
3,-43,-1006,40,-25,-10<\n>
6,-39,-1009,50,-55,-5<\n>
13,-39,-1016,15,-35,10<\n>
16,-46,-1016,30,30,-5<\n>
13,-43,-1016,0,0,10<\n>
13,-36,-1013,-50,0,55<\n>
13,-43,-1013,25,-35,40<\n>
19,-39,-1009,40,-15,-15<\n>
13,-46,-1013,70,15,-40<\n>
16,-46,-1013,60,-40,-15<\n>
16,-43,-1006,-25,5,15<\n>
3,-46,-1016,55,-25,30<\n>
9,-39,-1009,-5,-40,35<\n>
13,-36,-1023,-10,15,30<\n>
9,-43,-1013,15,-50,65<\n>
19,-39,-1016,-20,-10,-30<\n>
3,-43,-1013,60,-5,45<\n>
23,-39,-1006,60,-10,40<\n>
9,-36,-1019,65,-20,25<\n>
16,-43,-1006,-15,-15,20<\n>
9,-39,-1013,25,-25,20<\n>
19,-43,-1006,35,-55,0<\n>
9,-43,-1003,0,-25,30<\n>
29,-39,-1016,10,-30,-10<\n>
16,-39,-1016,-30,-50,10<\n>
26,-43,-1009,75,30,-20<\n>
9,-39,-1023,-55,-5,5<\n>
23,-39,-1006,35,-30,40<\n>
16,-36,-1019,40,-10,0<\n>
23,-43,-1016,0,-90,35<\n>
23,-39,-1009,-30,-25,5<\n>
19,-46,-1016,30,-15,10<\n>
16,-46,-1003,90,-10,5<\n>
16,-33,-1026,75,-50,-5<\n>
19,-43,-1016,10,-55,-10<\n>
19,-39,-1013,30,-65,10<\n>
16,-36,-1016,70,5,75<\n>
16,-39,-1009,10,-30,15<\n>
16,-29,-1026,35,0,-50<\n>
13,-43,-1013,25,-5,-5<\n>
19,-43,-1006,-25,-55,5<\n>
16,-36,-1013,40,-65,30<\n>
19,-39,-1003,60,-70,-40<\n>
13,-26,-1019,35,-55,15<\n>
16,-43,-1013,-5,-20,15<\n>
13,-33,-1013,-40,5,-10<\n>
19,-36,-1023,20,-90,5<\n>
13,-36,-1009,-70,-60,45<\n>
16,-33,-1023,-5,-35,-10<\n>
9,-43,-1016,35,-35,15<\n>
13,-39,-1003,-20,-65,60<\n>
9,-33,-1019,25,-50,-25<\n>
13,-43,-1006,65,-85,-30<\n>
6,-39,-1016,50,-35,-70<\n>
9,-39,-1016,30,-25,5<\n>
16,-36,-1013,50,-105,10<\n>
6,-36,-1026,-75,-40,60<\n>
13,-39,-1009,-40,-25,30<\n>
6,-39,-1019,-25,-50,-5<\n>
9,-39,-1016,5,10,-10<\n>
6,-39,-1009,20,40,-5<\n>
9,-33,-1019,-5,-25,65<\n>
3,-46,-1006,15,-85,-35<\n>
6,-33,-1009,15,-50,5<\n>
6,-39,-1013,-25,-70,-25<\n>
6,-39,-1003,-60,-55,10<\n>
0,-33,-1013,-25,0,10<\n>
9,-33,-1006,-30,-10,30<\n>
3,-36,-1006,20,-45,-10<\n>
0,-39,-1009,0,-60,-5<\n>
3,-39,-1009,-40,-50,25<\n>
0,-36,-1013,-20,-115,-20<\n>
-3,-33,-1003,-20,-85,30<\n>
0,-36,-996,40,-50,25<\n>
-3,-26,-1016,-25,-60,0<\n>
0,-46,-1009,-45,-30,30<\n>
3,-36,-1013,55,-60,0<\n>
-3,-36,-1009,-35,-25,-10<\n>
-3,-33,-999,30,-50,0<\n>
-3,-33,-1023,-10,-130,10<\n>
0,-39,-1003,5,-80,-20<\n>
-9,-26,-1003,25,-95,0<\n>
-3,-29,-1006,45,-85,5<\n>
-6,-33,-996,10,-40,-25<\n>
-6,-29,-1009,15,-60,-5<\n>
-6,-33,-996,20,-40,-10<\n>
-9,-29,-1006,-15,-45,50<\n>
-3,-36,-1009,-30,25,0<\n>
-13,-36,-999,5,-15,45<\n>
-3,-26,-1013,-15,25,-5<\n>
-3,-36,-999,-40,-55,0<\n>
-9,-29,-1006,35,-55,45<\n>
-3,-29,-1006,10,-40,-40<\n>
-16,-29,-993,20,-10,5<\n>
-6,-33,-1009,-10,-75,30<\n>
-9,-33,-996,50,-45,-40<\n>
-13,-23,-1003,80,-10,-5<\n>
-9,-29,-1003,55,-70,10<\n>
-13,-36,-989,70,-45,-10<\n>
-9,-26,-1013,20,-55,30<\n>
-9,-33,-993,70,-40,50<\n>
-13,-26,-1003,80,-35,-10<\n>
-3,-33,-1009,60,-100,30<\n>
-19,-26,-999,45,-70,55<\n>
-9,-23,-1003,0,-30,25<\n>
-6,-36,-996,30,-65,-20<\n>
-6,-23,-1006,55,-85,40<\n>
-6,-26,-1006,0,-55,-15<\n>
-19,-26,-993,40,-60,50<\n>
-13,-26,-1013,25,-30,20<\n>
-6,-39,-999,-10,-95,-15<\n>
-13,-13,-1003,-45,-5,10<\n>
-9,-39,-999,100,-20,-15<\n>
-19,-36,-996,40,-125,0<\n>
-3,-16,-1023,-5,-35,10<\n>
-16,-46,-999,55,-85,-45<\n>
-9,-23,-1016,15,-75,-30<\n>
-9,-19,-1006,5,-15,25<\n>
-9,-43,-999,-40,-55,-20<\n>
-13,-16,-1016,60,-30,35<\n>
-9,-33,-1006,105,-45,-60<\n>
-9,-26,-1026,65,5,-30<\n>
-6,-26,-1009,40,-10,60<\n>
-9,-29,-1009,70,-55,50<\n>
-9,-26,-1009,85,-55,20<\n>
-9,-33,-1009,65,-25,45<\n>
-9,-26,-1023,95,-90,60<\n>
-6,-26,-1013,10,-70,-5<\n>
-6,-23,-1013,-25,-30,15<\n>
-9,-36,-1019,65,-95,10<\n>
-3,-33,-1016,45,-25,0<\n>
-6,-26,-1026,75,-55,50<\n>
-13,-36,-1009,25,-55,10<\n>
0,-29,-1023,45,25,70<\n>
-3,-36,-1026,15,-65,-10<\n>
0,-33,-1013,30,-65,45<\n>
-6,-26,-1029,25,-35,30<\n>
9,-29,-1026,100,-15,-5<\n>
-3,-33,-1026,25,-60,30<\n>
3,-36,-1026,25,-20,30<\n>
0,-29,-1026,-20,-5,35<\n>
3,-29,-1036,45,-40,30<\n>
6,-29,-1033,60,-45,15<\n>
0,-43,-1036,70,-25,35<\n>
6,-36,-1039,110,-5,45<\n>
3,-36,-1026,70,-60,45<\n>
0,-43,-1043,95,-25,60<\n>
9,-29,-1039,100,-20,50<\n>
0,-39,-1029,25,-50,0<\n>
3,-39,-1036,-15,-15,20<\n>
13,-33,-1033,45,20,70<\n>
-19,-53,-1046,85,-115,40<\n>
9,-39,-1029,60,-10,75<\n>
9,-29,-1036,20,-20,10<\n>
9,-39,-1033,85,-30,35<\n>
13,-33,-1033,20,-75,35<\n>
9,-43,-1039,65,-60,50<\n>
13,-39,-1039,95,-40,35<\n>
6,-33,-1036,25,-35,-15<\n>
9,-46,-1036,65,40,10<\n>
16,-36,-1033,160,-25,-15<\n>
6,-39,-1036,55,-40,-25<\n>
9,-43,-1043,40,-60,20<\n>
13,-43,-1029,45,-30,25<\n>
3,-39,-1039,40,-95,25<\n>
9,-39,-1036,45,-40,35<\n>
6,-53,-1039,80,-25,55<\n>
9,-43,-1043,55,-50,15<\n>
16,-39,-1039,95,-35,10<\n>
9,-46,-1033,100,-45,20<\n>
19,-36,-1039,20,-5,5<\n>
13,-49,-1033,35,-30,0<\n>
9,-43,-1039,65,-10,30<\n>
19,-46,-1046,60,-35,30<\n>
9,-46,-1029,45,-30,70<\n>
16,-39,-1033,105,-80,-20<\n>
9,-46,-1033,25,-10,25<\n>
16,-46,-1036,45,-45,45<\n>
13,-46,-1033,95,-70,30<\n>
6,-49,-1026,75,-15,35<\n>
9,-49,-1036,70,-15,10<\n>
16,-46,-1036,40,-30,-5<\n>
9,-39,-1036,10,-40,5<\n>
16,-53,-1033,60,-65,25<\n>
16,-53,-1039,70,-25,25<\n>
23,-46,-1029,-10,-125,55<\n>
16,-53,-1033,30,-55,50<\n>
19,-49,-1029,65,-80,-10<\n>
23,-49,-1033,60,-65,50<\n>
13,-59,-1026,50,40,-10<\n>
16,-43,-1023,110,-75,5<\n>
13,-46,-1029,-25,10,15<\n>
16,-56,-1026,40,40,-30<\n>
16,-49,-1023,15,-30,30<\n>
19,-49,-1023,5,-45,15<\n>
13,-49,-1016,-15,-75,20<\n>
13,-49,-1016,0,-30,40<\n>
13,-49,-1029,10,-55,15<\n>
23,-49,-1019,35,-110,95<\n>
13,-49,-1029,-25,-50,-35<\n>
23,-43,-1013,-15,-60,-5<\n>
9,-53,-1023,-15,-15,70<\n>
19,-53,-1023,-25,0,-25<\n>
16,-49,-1023,5,5,10<\n>
16,-46,-1013,35,-100,40<\n>
13,-56,-1016,-35,-55,30<\n>
16,-53,-1023,35,-70,15<\n>
13,-49,-1019,-20,-20,0<\n>
16,-56,-1013,70,-45,-10<\n>
9,-46,-1006,35,40,45<\n>
13,-43,-1013,50,-110,0<\n>
9,-49,-1003,10,-20,35<\n>
6,-49,-1016,30,-55,-10<\n>
19,-46,-1006,10,-30,50<\n>
-3,-56,-1003,-15,0,30<\n>
16,-49,-1003,-20,-55,-10<\n>
6,-46,-1013,85,-55,75<\n>
16,-49,-1003,-35,-35,0<\n>
9,-53,-1009,-5,-50,15<\n>
13,-56,-1006,-20,-5,-60<\n>
3,-33,-1003,35,-100,-5<\n>
13,-49,-999,25,-25,65<\n>
3,-43,-1009,10,-65,30<\n>
9,-53,-1016,-40,-15,-20<\n>
-3,-39,-996,5,-45,-30<\n>
9,-39,-1006,30,-35,50<\n>
3,-46,-1006,-30,-20,25<\n>
13,-39,-1006,15,-40,20<\n>
0,-46,-1003,30,-110,10<\n>
0,-49,-999,-10,-35,-5<\n>
6,-29,-999,-25,-60,-25<\n>
-6,-43,-989,-25,-40,-5<\n>
0,-43,-1006,-5,-35,0<\n>
6,-33,-1006,40,-35,-10<\n>
-3,-39,-999,-35,-55,0<\n>
9,-39,-996,-30,-100,-50<\n>
3,-29,-989,15,-90,0<\n>
-6,-33,-999,-60,-60,-20<\n>
0,-33,-996,-10,-5,70<\n>
-3,-36,-996,5,15,-50<\n>
-9,-36,-983,-40,-60,-40<\n>
6,-33,-989,20,-25,-20<\n>
-16,-33,-986,85,-80,20<\n>
-6,-19,-983,-35,-50,-25<\n>
-16,-26,-986,30,-130,20<\n>
-3,-29,-986,-40,-60,-10<\n>
-16,-29,-993,-25,-60,35<\n>
-9,-33,-979,25,-70,-15<\n>
-19,-29,-986,-40,25,-15<\n>
-13,-33,-983,5,10,50<\n>
-19,-26,-989,55,-65,-25<\n>
-6,-29,-983,15,5,10<\n>
-13,-26,-989,10,-60,-10<\n>
-23,-26,-973,-35,-30,60<\n>
-16,-26,-989,-55,-60,-15<\n>
-19,-29,-986,15,-15,-25<\n>
-6,-26,-986,10,-40,25<\n>
-29,-23,-993,50,-30,-15<\n>
-6,-29,-983,35,-15,5<\n>
-33,-23,-986,-45,-70,10<\n>
-19,-26,-976,15,-70,-15<\n>
-33,-23,-993,15,-70,-20<\n>
-16,-33,-986,10,-80,-25<\n>
-19,-13,-979,40,-90,5<\n>
-26,-26,-986,10,-35,40<\n>
-19,-16,-976,-35,-100,15<\n>
-29,-23,-983,60,-70,-30<\n>
-29,-23,-993,-35,-65,55<\n>
-26,-19,-993,-50,-55,0<\n>
-19,-19,-979,-60,-70,-55<\n>
-26,-16,-986,10,-80,5<\n>
-23,-23,-983,40,-75,-5<\n>
-29,-13,-993,10,-35,75<\n>
-23,-19,-986,5,-15,15<\n>
-33,-23,-986,15,-30,0<\n>
-23,-13,-976,-10,-75,25<\n>
-29,-19,-989,-35,-80,0<\n>
-29,-19,-986,25,-15,80<\n>
-26,-13,-996,30,-20,50<\n>
-33,-26,-986,60,-115,30<\n>
-29,-16,-986,65,-25,-5<\n>
-19,-23,-983,30,-50,5<\n>
-39,-23,-996,20,-45,-30<\n>
-16,-23,-993,35,-15,70<\n>
-33,-19,-993,45,-30,55<\n>
-9,-16,-993,70,-15,65<\n>
-23,-23,-1003,20,-70,45<\n>
-19,-23,-999,75,-35,20<\n>
-16,-29,-1003,55,-95,30<\n>
-16,-19,-1006,70,-70,-30<\n>
-16,-23,-999,60,-55,-50<\n>
-19,-23,-1006,10,30,-15<\n>
-16,-26,-999,20,5,40<\n>
-23,-23,-1003,-30,-50,-25<\n>
-19,-26,-1013,105,-65,-5<\n>
-16,-26,-1003,35,-35,0<\n>
-26,-33,-1009,50,-80,5<\n>
-16,-29,-1016,70,-95,-5<\n>
-19,-23,-1013,80,-40,5<\n>
-19,-26,-1019,100,-25,15<\n>
-9,-26,-1013,60,60,70<\n>
-6,-33,-1023,60,-15,15<\n>
-13,-19,-1033,40,10,45<\n>
-9,-26,-1016,75,-60,55<\n>
-6,-26,-1033,45,-35,30<\n>
-3,-33,-1026,35,-55,15<\n>
-16,-29,-1026,90,-45,45<\n>
-3,-33,-1036,35,-25,50<\n>
-3,-39,-1029,100,0,50<\n>
-13,-29,-1029,15,-5,-30<\n>
-6,-36,-1036,60,-15,30<\n>
-9,-33,-1033,20,15,0<\n>
-3,-39,-1039,120,-35,15<\n>
-6,-36,-1026,55,-20,-15<\n>
-3,-36,-1036,45,-25,0<\n>
-3,-43,-1039,50,-25,10<\n>
-9,-36,-1039,70,20,80<\n>
-6,-39,-1046,90,-30,-30<\n>
0,-43,-1043,10,65,40<\n>
3,-36,-1043,75,0,25<\n>
3,-39,-1046,95,-45,60<\n>
0,-46,-1053,80,-40,0<\n>
0,-33,-1043,55,15,30<\n>
9,-43,-1043,60,0,30<\n>
3,-49,-1053,130,10,40<\n>
9,-46,-1036,65,-5,75<\n>
6,-46,-1049,95,-35,55<\n>
0,-46,-1046,-20,-5,10<\n>
0,-43,-1053,60,-15,35<\n>
0,-56,-1053,25,-35,25<\n>
9,-49,-1046,65,-30,100<\n>
9,-49,-1049,55,25,25<\n>
3,-49,-1046,20,30,15<\n>
6,-46,-1043,45,-5,15<\n>
9,-49,-1043,45,20,40<\n>
6,-46,-1053,40,-5,-5<\n>
16,-53,-1036,85,5,25<\n>
13,-43,-1053,110,-15,-50<\n>
13,-53,-1043,40,5,5<\n>
19,-49,-1046,15,-45,15<\n>
13,-53,-1053,15,20,-20<\n>
19,-56,-1039,40,-15,25<\n>
9,-49,-1053,10,-55,-20<\n>
26,-46,-1046,15,30,-20<\n>
13,-49,-1043,-5,-25,25<\n>
19,-49,-1043,90,-40,-15<\n>
16,-56,-1043,70,30,15<\n>
13,-53,-1046,-20,-50,25<\n>
16,-56,-1036,45,15,25<\n>
26,-43,-1039,45,20,10<\n>
9,-59,-1053,0,10,0<\n>
26,-46,-1046,40,-5,-5<\n>
9,-49,-1043,85,-15,80<\n>
29,-53,-1043,5,-45,0<\n>
16,-49,-1046,25,0,-10<\n>
16,-53,-1049,10,-15,50<\n>
19,-46,-1033,20,-40,80<\n>
16,-49,-1039,30,90,20<\n>
23,-53,-1036,20,-55,20<\n>
26,-53,-1033,10,-45,5<\n>
19,-53,-1033,30,25,45<\n>
29,-53,-1029,0,-95,55<\n>
16,-49,-1036,-10,-30,10<\n>
16,-56,-1029,0,-30,35<\n>
19,-49,-1033,40,0,-10<\n>
16,-49,-1033,-5,-5,15<\n>
23,-43,-1026,-5,-40,-40<\n>
23,-49,-1026,-5,10,10<\n>
19,-43,-1029,25,-95,25<\n>
16,-56,-1019,20,-25,-10<\n>
16,-39,-1029,20,-40,25<\n>
19,-43,-1016,10,-100,-15<\n>
13,-43,-1023,65,-60,-10<\n>
19,-49,-1019,-20,-50,-10<\n>
13,-49,-1016,-30,-25,5<\n>
19,-43,-1016,40,-105,10<\n>
16,-46,-1009,10,-45,-10<\n>
16,-43,-1026,-15,-70,-25<\n>
19,-46,-1009,20,-60,-40<\n>
16,-39,-1006,15,-35,-20<\n>
9,-39,-1009,25,35,0<\n>
13,-43,-1006,40,-35,40<\n>
6,-33,-1006,-5,-25,-60<\n>
13,-49,-1003,-25,25,-15<\n>
6,-43,-1003,25,-55,-10<\n>
16,-29,-1006,-20,15,-15<\n>
6,-39,-996,-20,-20,30<\n>
9,-39,-996,0,-35,40<\n>
6,-33,-993,65,-55,15<\n>
9,-39,-993,-55,-60,10<\n>
0,-36,-993,-25,-50,20<\n>
6,-33,-996,-75,-20,5<\n>
6,-36,-993,-5,5,-45<\n>
0,-29,-989,-10,10,-25<\n>
9,-29,-986,-45,-55,-20<\n>
0,-33,-986,-20,-35,20<\n>
3,-33,-986,60,-60,-80<\n>
3,-29,-989,-5,-5,-30<\n>
6,-33,-989,-10,0,-10<\n>
3,-29,-989,45,-80,30<\n>
-3,-33,-989,-20,-15,5<\n>
6,-29,-986,-30,-50,0<\n>
6,-29,-996,70,-45,10<\n>
0,-39,-983,-15,-80,60<\n>
0,-29,-986,-25,-115,0<\n>
6,-33,-986,-30,-75,-15<\n>
-3,-29,-993,-25,-105,-30<\n>
6,-26,-986,45,-85,70<\n>
0,-29,-993,10,-35,-15<\n>
3,-29,-976,-15,5,25<\n>
-3,-29,-986,-15,-20,-20<\n>
-6,-29,-979,-45,25,-30<\n>
3,-29,-986,-15,-45,-90<\n>
0,-33,-996,0,-90,5<\n>
9,-36,-986,45,-105,-30<\n>
-3,-26,-996,10,-60,10<\n>
6,-33,-986,-50,-65,-30<\n>
3,-33,-983,-5,-15,-15<\n>
-3,-23,-996,45,0,20<\n>
3,-33,-986,-20,-75,10<\n>
0,-33,-996,45,-55,10<\n>
3,-29,-996,10,-60,40<\n>
9,-29,-989,15,-25,55<\n>
0,-23,-999,40,0,45<\n>
0,-29,-1006,30,-50,20<\n>
0,-29,-999,-20,-40,-10<\n>
0,-33,-1003,35,-20,-25<\n>
9,-29,-989,30,-75,40<\n>
-6,-26,-1006,30,-65,-40<\n>
6,-39,-999,55,-70,-10<\n>
6,-33,-1006,30,-10,20<\n>
3,-26,-1013,65,-25,55<\n>
3,-29,-1013,30,-60,60<\n>
3,-29,-1006,25,-40,-35<\n>
9,-26,-1009,20,-65,100<\n>
3,-33,-1013,-55,-15,-20<\n>
9,-33,-1003,55,-15,10<\n>
6,-36,-1006,45,-70,25<\n>
6,-33,-1013,40,-100,5<\n>
9,-39,-999,20,-50,-25<\n>
6,-29,-1006,30,-120,-30<\n>
9,-39,-1026,15,-10,35<\n>
3,-26,-1009,0,-10,15<\n>
6,-36,-1023,-15,-45,5<\n>
-3,-29,-1013,15,-100,15<\n>
9,-33,-1019,10,-35,-20<\n>
-3,-29,-1026,80,-15,-35<\n>
6,-36,-1016,5,-40,5<\n>
3,-26,-1026,50,15,0<\n>
6,-33,-1019,75,-10,15<\n>
9,-36,-1023,45,-40,-35<\n>
13,-29,-1033,40,15,40<\n>
3,-36,-1016,50,5,0<\n>
13,-33,-1026,70,-35,25<\n>
0,-36,-1019,45,-55,20<\n>
9,-33,-1016,10,-85,25<\n>
6,-36,-1019,50,25,20<\n>
0,-39,-1023,40,0,0<\n>
13,-33,-1016,20,-75,-20<\n>
3,-39,-1019,55,10,45<\n>
9,-26,-1013,80,-40,-5<\n>
6,-33,-1026,0,-95,-40<\n>
6,-33,-1023,-15,-50,10<\n>
16,-33,-1016,90,-40,-15<\n>
3,-43,-1026,55,-15,-10<\n>
9,-33,-1019,45,-40,-10<\n>
0,-36,-1023,5,-75,0<\n>
9,-36,-1019,5,-65,-10<\n>
3,-39,-1023,35,-70,-15<\n>
9,-29,-1023,10,-55,-10<\n>
3,-39,-1023,90,-45,50<\n>
6,-36,-1016,20,-85,0<\n>
3,-33,-1023,-5,-60,-20<\n>
6,-39,-1023,65,-25,-40<\n>
6,-33,-1026,30,40,20<\n>
6,-29,-1026,60,-95,-5<\n>
3,-39,-1019,25,-65,35<\n>
3,-39,-1023,40,-60,125<\n>
9,-36,-1026,55,-60,-15<\n>
0,-36,-1029,85,15,55<\n>
13,-43,-1019,5,-20,-70<\n>
3,-36,-1026,45,-70,-45<\n>
0,-43,-1026,40,-35,50<\n>
6,-33,-1019,10,-70,-5<\n>
0,-43,-1033,35,-110,-10<\n>
3,-39,-1013,45,-10,-5<\n>
0,-33,-1023,65,-10,55<\n>
3,-43,-1016,10,-110,50<\n>
0,-36,-1026,45,-75,-20<\n>
3,-39,-1016,30,-55,-15<\n>
-9,-36,-1016,0,-95,-10<\n>
9,-29,-1019,30,-70,5<\n>
-3,-46,-1023,70,-80,30<\n>
3,-39,-1016,45,-65,15<\n>
-3,-39,-1029,15,-60,40<\n>
-3,-43,-1013,35,0,50<\n>
0,-39,-1023,20,-60,10<\n>
-3,-46,-1026,0,-40,-65<\n>
-6,-29,-1016,45,-65,35<\n>
0,-39,-1026,35,-5,75<\n>
-6,-43,-1013,-10,-55,0<\n>
0,-46,-1019,45,-65,60<\n>
-6,-39,-1023,35,-50,-10<\n>
-3,-43,-1016,80,-55,0<\n>
-3,-36,-1019,80,-40,25<\n>
0,-53,-1019,60,-30,10<\n>
6,-33,-1019,70,-100,0<\n>
-6,-46,-1016,45,10,-25<\n>
0,-43,-1016,15,-50,-25<\n>
0,-43,-1023,15,-130,0<\n>
-6,-43,-1013,95,-40,15<\n>
-3,-43,-1026,70,-70,0<\n>
3,-39,-1029,25,-65,20<\n>
-16,-49,-1013,-10,-80,15<\n>
3,-46,-1026,60,-85,15<\n>
-3,-53,-1019,20,-25,-15<\n>
0,-39,-1026,100,-85,75<\n>
0,-53,-1026,30,-10,15<\n>
-3,-46,-1019,70,-80,25<\n>
3,-39,-1019,5,-105,45<\n>
-6,-39,-1013,15,-40,-10<\n>
6,-43,-1013,50,-70,30<\n>
-3,-39,-1026,0,-50,15<\n>
0,-43,-1016,5,-95,20<\n>
-3,-46,-1023,-30,-75,-20<\n>
0,-39,-1019,60,-80,30<\n>
0,-49,-1016,70,-100,15<\n>
-3,-39,-1019,5,-60,0<\n>
-9,-36,-1016,25,-20,25<\n>
3,-39,-1019,30,-55,0<\n>
-6,-36,-1019,60,-110,15<\n>
-9,-33,-1003,-20,-5,5<\n>
-3,-33,-1026,90,-65,40<\n>
-3,-43,-1019,35,-65,35<\n>
0,-43,-1026,45,-35,40<\n>
-6,-33,-1023,-5,-50,5<\n>
-3,-36,-1009,25,-50,0<\n>
0,-39,-1013,-15,-65,10<\n>
-3,-39,-1009,-50,-105,-15<\n>
-3,-39,-1019,10,-25,25<\n>
0,-36,-1016,5,-15,30<\n>
3,-36,-1019,30,-40,0<\n>
3,-29,-1016,-10,-15,-15<\n>
0,-39,-1013,-15,-60,15<\n>
0,-36,-1016,85,-40,35<\n>
-3,-36,-1026,25,-65,-5<\n>
-3,-36,-1019,55,-65,-20<\n>
3,-29,-1019,50,-40,-35<\n>
-3,-29,-1016,-30,-45,35<\n>
3,-29,-999,-35,-50,-30<\n>
-6,-33,-1016,100,-70,5<\n>
3,-39,-1003,25,-55,15<\n>
0,-33,-1019,75,-60,5<\n>
0,-39,-1013,-35,-5,10<\n>
0,-39,-1016,45,-70,-10<\n>
-3,-29,-1019,0,-85,0<\n>
0,-36,-1023,20,-45,15<\n>
-3,-43,-1013,10,-20,40<\n>
-3,-39,-1013,70,-90,-5<\n>
3,-46,-1013,35,-75,15<\n>
0,-39,-1019,35,-10,35<\n>
3,-33,-1016,30,-80,40<\n>
-3,-43,-1009,35,-110,30<\n>
0,-23,-1023,55,-80,10<\n>
-3,-39,-1016,20,-50,35<\n>
-6,-33,-1009,35,5,-10<\n>
-3,-33,-1026,50,-55,0<\n>
-6,-33,-1009,65,-45,30<\n>
-3,-36,-1026,60,-65,-55<\n>
0,-36,-1016,45,-45,-15<\n>
-3,-39,-1013,-10,5,60<\n>
3,-29,-1009,50,-70,-20<\n>
-6,-36,-1006,20,-85,0<\n>
-3,-33,-1026,-10,-5,-35<\n>
-3,-39,-1023,90,-35,45<\n>
-3,-36,-1019,30,-95,20<\n>
-3,-29,-1026,30,-10,25<\n>
-3,-39,-1013,55,-65,50<\n>
0,-29,-1023,70,-35,70<\n>
-3,-36,-1019,60,-55,45<\n>
-3,-33,-1013,10,-45,15<\n>
-3,-36,-1013,-40,-70,-55<\n>
-3,-36,-1016,45,-90,35<\n>
-6,-26,-1019,30,-60,-70<\n>
-3,-33,-1016,50,-40,-35<\n>
-6,-29,-1009,-40,-60,-5<\n>
0,-39,-1019,65,-95,15<\n>
0,-36,-1013,80,-15,15<\n>
-3,-36,-1019,95,-40,15<\n>
0,-36,-1026,60,-85,25<\n>
-3,-39,-1013,-5,-40,0<\n>
0,-33,-1019,15,-20,20<\n>
3,-36,-1013,40,-45,-30<\n>
-6,-29,-1013,25,-60,-10<\n>
0,-33,-1019,-20,-85,60<\n>
-6,-36,-1019,-5,-35,15<\n>
0,-39,-1023,25,-5,25<\n>
0,-39,-1023,105,0,10<\n>
-6,-36,-1006,15,-70,60<\n>
-9,-39,-1016,5,10,65<\n>
-9,-39,-1006,30,-85,10<\n>
-16,-36,-1013,65,-20,50<\n>
0,-43,-1009,80,-15,5<\n>
-16,-39,-1013,15,-65,25<\n>
0,-33,-1016,-10,-30,15<\n>
-13,-39,-1009,90,-20,-5<\n>
0,-36,-1019,-5,-75,5<\n>
-6,-39,-1013,70,0,20<\n>
-9,-39,-1013,15,-70,20<\n>
-3,-39,-1006,0,-25,-15<\n>
-9,-39,-1013,70,-50,25<\n>
-6,-39,-1013,75,-35,0<\n>
-3,-33,-1016,-15,-15,-25<\n>
-16,-39,-1006,45,-50,-50<\n>
-6,-36,-1009,75,-75,-10<\n>
-6,-33,-999,60,-25,-60<\n>
-13,-36,-1016,45,-85,25<\n>
-9,-39,-1009,75,-100,-20<\n>
-16,-36,-1009,40,-45,35<\n>
-3,-39,-1016,35,10,10<\n>
-16,-39,-1013,25,-40,10<\n>
-6,-39,-1016,40,-5,10<\n>
-9,-33,-1013,-15,-55,45<\n>
-3,-43,-1013,80,-15,10<\n>
-3,-39,-1019,55,-115,10<\n>
-3,-36,-1013,65,-35,-25<\n>
-9,-29,-1019,20,-30,0<\n>
-9,-29,-1016,70,0,30<\n>
-13,-39,-1013,5,-30,-15<\n>
-6,-33,-1016,55,-45,40<\n>
-9,-39,-1003,10,-60,50<\n>
-9,-29,-1009,0,-70,0<\n>
-9,-36,-1006,50,-25,-25<\n>
-9,-36,-1003,50,-85,-10<\n>
-6,-29,-1006,5,-90,-25<\n>
-13,-39,-1009,35,-50,-30<\n>
-6,-39,-999,20,20,65<\n>
-9,-36,-1009,95,-70,20<\n>
-13,-36,-1013,45,-25,-5<\n>
-3,-39,-1009,35,-100,15<\n>
-9,-33,-1013,60,-45,45<\n>
-3,-36,-1016,-10,-15,5<\n>
-6,-43,-1013,30,-45,10<\n>
-13,-36,-1006,65,-10,15<\n>
-3,-39,-1019,70,-60,-55<\n>
-9,-43,-1009,55,15,-15<\n>
-6,-39,-1009,50,-60,-25<\n>
-6,-36,-1013,70,15,50<\n>
-16,-43,-1009,-10,-95,-20<\n>
-6,-36,-1006,75,-95,45<\n>
-13,-39,-1006,65,-30,-25<\n>
-3,-29,-1016,20,-25,-40<\n>
-9,-36,-1009,-65,-50,0<\n>
-6,-29,-1006,80,-20,15<\n>
0,-36,-1023,10,-35,60<\n>
-3,-43,-1013,75,-90,-20<\n>
-6,-36,-1016,30,-40,-20<\n>
-6,-43,-1006,20,-15,-25<\n>
0,-29,-1019,65,-25,15<\n>
-3,-36,-1013,35,-50,15<\n>
-6,-36,-1023,80,-90,30<\n>
-3,-33,-1016,35,-70,0<\n>
-13,-43,-1006,15,-40,50<\n>
-6,-29,-1016,-20,-100,-25<\n>
-9,-36,-1009,30,35,5<\n>
-16,-33,-1019,55,15,35<\n>
-6,-39,-1009,60,0,-5<\n>
-6,-36,-1009,90,-60,0<\n>
-6,-36,-1016,95,-110,30<\n>
-9,-39,-1006,-20,-60,-20<\n>
-13,-36,-1013,25,-30,5<\n>
-3,-36,-1026,5,-35,110<\n>
-3,-46,-1019,20,-40,-25<\n>
-9,-33,-1019,45,-20,-35<\n>
-3,-43,-1016,80,-15,-15<\n>
-3,-43,-1023,45,-30,30<\n>
-9,-43,-1016,10,-50,25<\n>
-9,-43,-1009,-5,-20,-20<\n>
-9,-36,-1016,20,-20,15<\n>
-9,-39,-1006,40,-45,15<\n>
-9,-39,-1019,15,-30,0<\n>
-3,-43,-1019,25,-35,40<\n>
-13,-33,-1013,-5,-20,15<\n>
-9,-29,-1019,70,-65,-10<\n>
-9,-43,-1013,15,5,95<\n>
-6,-36,-1016,-45,-35,-20<\n>
-16,-33,-1019,-5,-10,15<\n>
-3,-39,-1013,20,5,-5<\n>
-13,-29,-1019,15,-50,25<\n>
-3,-39,-1013,80,-100,10<\n>
-19,-39,-1019,30,-115,20<\n>
-3,-39,-1016,90,-35,-40<\n>
-6,-39,-1009,-5,-85,-25<\n>
-6,-36,-1013,65,-60,10<\n>
-6,-36,-1013,50,-55,30<\n>
-9,-39,-1013,20,-25,40<\n>
-3,-33,-1013,40,10,25<\n>
-9,-29,-1006,-20,-40,-20<\n>
-9,-36,-1006,-10,-30,15<\n>
-13,-39,-1006,90,-80,55<\n>
-9,-36,-1016,5,-35,25<\n>
-13,-36,-1006,20,-15,5<\n>
-9,-36,-1009,30,-30,-60<\n>
-19,-39,-1009,10,-80,-30<\n>
-9,-39,-1013,35,-95,30<\n>
-19,-29,-1019,20,-50,-10<\n>
-13,-39,-996,-65,-45,30<\n>
-13,-29,-1023,30,-105,30<\n>
-19,-36,-1009,30,-125,15<\n>
-19,-26,-1003,50,10,15<\n>
-13,-33,-1013,10,-45,15<\n>
-13,-33,-1013,-5,-80,5<\n>
-19,-33,-1013,115,-30,20<\n>
-13,-39,-999,60,-105,10<\n>
-13,-26,-1009,90,-65,30<\n>
-23,-39,-1013,-35,-10,30<\n>
-13,-29,-999,45,-95,0<\n>
-29,-36,-1013,20,-15,5<\n>
-29,-29,-993,15,-40,0<\n>
-19,-33,-1009,-40,-20,0<\n>
-19,-39,-999,10,-30,-15<\n>
-19,-33,-1006,-25,-40,10<\n>
-29,-36,-1003,40,-75,0<\n>
-19,-36,-999,70,15,-15<\n>
-19,-33,-1013,25,-30,30<\n>
-19,-26,-999,60,-35,0<\n>
-29,-23,-1006,15,-45,90<\n>
-23,-36,-1003,-60,-65,-20<\n>
-19,-29,-1003,55,-35,-35<\n>
-23,-36,-999,-10,-35,-25<\n>
-29,-33,-1003,20,-55,0<\n>
-26,-26,-996,25,-100,30<\n>
-33,-33,-999,-30,-60,25<\n>
-29,-23,-996,-5,-30,-25<\n>
-33,-36,-1006,60,-25,25<\n>
-23,-26,-999,40,-90,15<\n>
-23,-26,-1009,50,-35,70<\n>
-33,-29,-1003,-45,-50,60<\n>
-19,-29,-1003,5,-55,-25<\n>
-29,-29,-1003,35,10,65<\n>
-23,-26,-1009,-20,-10,35<\n>
-23,-29,-1003,90,-50,20<\n>
-23,-26,-1009,15,-5,25<\n>
-19,-36,-1006,55,-30,40<\n>
-19,-26,-1009,80,5,-10<\n>
-16,-29,-1013,60,-5,-15<\n>
-19,-33,-1003,95,20,-20<\n>
-19,-23,-1019,15,-25,95<\n>
-19,-29,-996,45,-50,20<\n>
-26,-29,-1013,50,30,30<\n>
-16,-29,-1006,45,-10,-5<\n>
-19,-36,-1009,70,-60,30<\n>
-23,-29,-1016,70,-35,30<\n>
-9,-33,-1006,25,25,20<\n>
-19,-29,-1016,35,30,100<\n>
-16,-43,-1009,25,10,25<\n>
-16,-29,-1009,75,-45,5<\n>
-3,-43,-1019,85,30,35<\n>
